t(s)	ag(m/s^2)
0	0.00553
0.02	0.01434
0.04	0.0191
0.06	0.01124
0.08	0.0005
0.1	-0.00598
0.12	-0.01026
0.14	-0.01836
0.16	-0.01697
0.18	-0.00882
0.2	-0.00071
0.22	0.00565
0.24	0.00857
0.26	0.00251
0.28	-0.01119
0.3	-0.02277
0.32	-0.01402
0.34	-0.00791
0.36	0.01477
0.38	0.01387
0.4	0.00083
0.42	-0.00746
0.44	0.0183
0.46	0.00746
0.48	-0.00215
0.5	0.00959
0.52	0.00281
0.54	-0.01542
0.56	-0.00195
0.58	0.00883
0.6	-0.0038
0.62	-0.00517
0.64	-0.02064
0.66	-0.03175
0.68	-0.0327
0.7	-0.00841
0.72	0.0261
0.74	0.01626
0.76	0.00951
0.78	-0.01316
0.8	-0.02161
0.82	-0.03441
0.84	-0.01336
0.86	0.01745
0.88	0.02584
0.9	0.0095
0.92	-0.00184
0.94	0.00304
0.96	0.01866
0.98	0.02501
1	0.01139
1.02	-0.00266
1.04	-0.00762
1.06	-0.02129
1.08	0.00256
1.1	0.0009
1.12	0.00946
1.14	0.02309
1.16	0.04775
1.18	0.00294
1.2	-0.01832
1.22	-0.05231
1.24	-0.02317
1.26	-0.01223
1.28	0.00349
1.3	0.04297
1.32	0.00718
1.34	0.00883
1.36	0.00706
1.38	0.00214
1.4	0.0146
1.42	-0.01406
1.44	0.00716
1.46	-0.01143
1.48	0.00475
1.5	0.02562
1.52	0.05232
1.54	0.03905
1.56	0.01764
1.58	-0.00931
1.6	0.01108
1.62	-0.03072
1.64	-0.016
1.66	0.02695
1.68	0.08445
1.7	0.12433
1.72	0.02709
1.74	-0.00079
1.76	-0.05394
1.78	-0.04726
1.8	-0.03941
1.82	0.02109
1.84	0.08012
1.86	-0.02605
1.88	-0.11826
1.9	-0.1004
1.92	-0.01675
1.94	0.0531
1.96	0.08671
1.98	0.04714
2	0.00363
2.02	-0.07378
2.04	-0.07117
2.06	0.02168
2.08	0.07046
2.1	0.08914
2.12	0.15415
2.14	0.10568
2.16	-0.04633
2.18	-0.10241
2.2	-0.07851
2.22	0.04842
2.24	0.07221
2.26	0.02347
2.28	-0.00324
2.3	-0.12844
2.32	-0.09905
2.34	-0.08291
2.36	-0.01095
2.38	-0.04785
2.4	-0.11512
2.42	-0.08151
2.44	-0.09562
2.46	-0.10769
2.48	-0.05905
2.5	-0.01466
2.52	0.00794
2.54	0.02955
2.56	0.0218
2.58	0.11077
2.6	0.01937
2.62	-0.02907
2.64	0.00926
2.66	0.12019
2.68	0.19061
2.7	0.17122
2.72	0.05485
2.74	-0.0886
2.76	-0.08193
2.78	-0.03706
2.8	-0.05821
2.82	-0.04776
2.84	-0.05719
2.86	-0.17418
2.88	-0.11331
2.9	-0.06938
2.92	-0.0767
2.94	-0.08851
2.96	-0.09806
2.98	-0.15901
3	-0.13044
3.02	-0.03236
3.04	0.06555
3.06	0.15691
3.08	0.1376
3.1	0.00639
3.12	-0.05536
3.14	-0.0923
3.16	-0.18487
3.18	-0.32505
3.2	-0.31275
3.22	0.02077
3.24	0.31141
3.26	0.2696
3.28	-0.01111
3.3	-0.39757
3.32	-0.62953
3.34	-0.32001
3.36	0.21877
3.38	0.47169
3.4	0.20641
3.42	0.11101
3.44	-0.11285
3.46	0.0241
3.48	0.26501
3.5	0.16343
3.52	-0.15557
3.54	-0.36169
3.56	-0.38692
3.58	-0.43897
3.6	-0.34403
3.62	-0.46165
3.64	-0.59251
3.66	-0.44962
3.68	-0.30872
3.7	-0.18469
3.72	-0.17154
3.74	-0.24634
3.76	-0.02384
3.78	0.80256
3.8	1.4603
3.82	1.63646
3.84	1.36197
3.86	0.66114
3.88	-0.08422
3.9	-0.11845
3.92	0.21967
3.94	0.26188
3.96	-0.20158
3.98	-0.91753
4	-1.09806
4.02	-0.55055
4.04	-0.15605
4.06	-0.08352
4.08	0.11488
4.1	0.16589
4.12	-0.09729
4.14	-0.30834
4.16	-0.06335
4.18	0.05398
4.2	-0.07554
4.22	0.06203
4.24	0.29124
4.26	-0.07402
4.28	-0.80347
4.3	-0.8636
4.32	-0.51478
4.34	-0.10113
4.36	0.94439
4.38	1.52512
4.4	1.16612
4.42	0.68441
4.44	0.36848
4.46	0.10538
4.48	-0.01641
4.5	0.15885
4.52	0.45536
4.54	0.36738
4.56	-0.04146
4.58	-0.85799
4.6	-1.2401
4.62	-0.99807
4.64	-0.91951
4.66	-0.24917
4.68	0.59775
4.7	1.07248
4.72	1.01489
4.74	1.13658
4.76	0.86731
4.78	0.23501
4.8	-0.40823
4.82	-1.13181
4.84	-1.12204
4.86	-0.39216
4.88	0.78428
4.9	1.32395
4.92	1.2937
4.94	0.61814
4.96	0.00504
4.98	-0.46764
5	-0.67466
5.02	-0.67749
5.04	-0.34556
5.06	0.16276
5.08	0.25891
5.1	-0.2402
5.12	-0.57656
5.14	-0.73331
5.16	-0.98499
5.18	-1.09514
5.2	-0.68473
5.22	-0.04404
5.24	0.53416
5.26	1.09521
5.28	1.50404
5.3	0.98748
5.32	0.02757
5.34	-0.42999
5.36	-0.1659
5.38	0.43828
5.4	0.63194
5.42	0.65587
5.44	0.8318
5.46	0.90634
5.48	0.89869
5.5	0.26143
5.52	-0.62861
5.54	-1.06196
5.56	-0.27772
5.58	0.58301
5.6	0.75245
5.62	0.64936
5.64	0.22087
5.66	-0.16745
5.68	-0.5554
5.7	-0.46872
5.72	0.13063
5.74	0.74483
5.76	0.91134
5.78	0.31332
5.8	-0.30853
5.82	-0.71925
5.84	-0.81829
5.86	-0.38438
5.88	-0.14154
5.9	0.05623
5.92	0.33849
5.94	0.6234
5.96	1.24901
5.98	1.50828
6	0.6066
6.02	-0.57267
6.04	-0.5086
6.06	-0.04456
6.08	0.40732
6.1	0.31133
6.12	-0.6642
6.14	-1.7513
6.16	-1.9625
6.18	-1.97559
6.2	-1.85298
6.22	-1.75065
6.24	-1.29465
6.26	-0.34038
6.28	0.61789
6.3	0.44856
6.32	-0.23545
6.34	-0.17129
6.36	0.15168
6.38	0.67344
6.4	1.11854
6.42	0.89158
6.44	-0.37695
6.46	-1.53241
6.48	-1.32801
6.5	-0.38489
6.52	0.54324
6.54	1.1348
6.56	0.88248
6.58	-0.09274
6.6	-0.7339
6.62	-0.42186
6.64	0.73833
6.66	1.46499
6.68	1.24797
6.7	0.45124
6.72	-0.52215
6.74	-0.74218
6.76	-0.39476
6.78	-0.00617
6.8	-0.4585
6.82	-1.21449
6.84	-1.20828
6.86	-0.46871
6.88	-0.09858
6.9	-0.00981
6.92	0.53897
6.94	1.53027
6.96	1.59306
6.98	1.10277
7	0.72208
7.02	0.54998
7.04	0.76327
7.06	0.86715
7.08	0.85593
7.1	0.69423
7.12	-0.24707
7.14	-1.29078
7.16	-1.33166
7.18	-0.53549
7.2	-0.0944
7.22	0.20946
7.24	0.86765
7.26	1.19973
7.28	0.72236
7.3	0.04338
7.32	-0.12138
7.34	-0.23089
7.36	-0.39458
7.38	-0.23666
7.4	0.19223
7.42	0.54995
7.44	0.57447
7.46	0.53447
7.48	0.56874
7.5	0.44344
7.52	0.20029
7.54	-0.33849
7.56	-0.87692
7.58	-0.74848
7.6	-0.68034
7.62	-0.68694
7.64	-0.762
7.66	-0.58048
7.68	-0.46436
7.7	-0.1282
7.72	0.04261
7.74	-0.31979
7.76	-0.8579
7.78	-1.02207
7.8	-0.90344
7.82	-0.83063
7.84	-0.60338
7.86	-0.46494
7.88	-0.4981
7.9	-0.62977
7.92	-0.47845
7.94	-0.18698
7.96	-0.30253
7.98	-0.47442
8	-0.17493
8.02	0.33835
8.04	0.62299
8.06	0.60858
8.08	0.17579
8.1	-0.60461
8.12	-1.05066
8.14	-0.86021
8.16	-0.20319
8.18	0.3397
8.2	0.97617
8.22	1.47388
8.24	1.3342
8.26	0.69036
8.28	0.14581
8.3	-0.35478
8.32	-0.34646
8.34	-0.17347
8.36	-0.17257
8.38	-0.03345
8.4	0.32986
8.42	0.40105
8.44	0.15266
8.46	-0.02064
8.48	-0.32051
8.5	-0.92431
8.52	-0.84415
8.54	-0.46569
8.56	-0.47247
8.58	-0.51433
8.6	-0.36192
8.62	-0.41337
8.64	-0.37482
8.66	-0.13745
8.68	0.26014
8.7	0.61713
8.72	0.98229
8.74	0.93746
8.76	0.61727
8.78	0.54933
8.8	0.69912
8.82	0.82332
8.84	0.3761
8.86	-0.27952
8.88	-0.49637
8.9	-0.19391
8.92	0.10046
8.94	0.21432
8.96	-0.10056
8.98	-0.57019
9	-0.44398
9.02	-0.00251
9.04	-0.10912
9.06	-0.6242
9.08	-0.83169
9.1	-0.39138
9.12	0.35263
9.14	0.83639
9.16	0.79524
9.18	0.23529
9.2	-0.5354
9.22	-0.90273
9.24	-0.33489
9.26	0.44063
9.28	0.41456
9.3	0.35774
9.32	0.51054
9.34	0.47991
9.36	0.24082
9.38	-0.01213
9.4	-0.39862
9.42	-0.6432
9.44	-0.46045
9.46	-0.3604
9.48	-0.44566
9.5	-0.71236
9.52	-0.59205
9.54	-0.15712
9.56	0.0431
9.58	0.1318
9.6	0.10768
9.62	0.11279
9.64	0.33516
9.66	0.40443
9.68	0.36432
9.7	0.35509
9.72	0.34837
9.74	0.2465
9.76	0.21885
9.78	0.08574
9.8	-0.13671
9.82	-0.54938
9.84	-0.66177
9.86	-0.49926
9.88	0.05577
9.9	0.35219
9.92	0.49013
9.94	0.2853
9.96	-0.19969
9.98	-0.36568
10	-0.32521
10.02	-0.38122
10.04	-0.54005
10.06	-0.55392
10.08	-0.55679
10.1	-0.28479
10.12	-0.0436
10.14	-0.14677
10.16	0.02354
10.18	0.26138
10.2	0.3391
10.22	0.48745
10.24	0.52637
10.26	0.13057
10.28	-0.03388
10.3	-0.07421
10.32	-0.24316
10.34	-0.16988
10.36	0.03092
10.38	0.10238
10.4	0.15032
10.42	0.6284
10.44	0.79298
10.46	0.26253
10.48	-0.10095
10.5	-0.12557
10.52	-0.24521
10.54	-0.55853
10.56	-0.84412
10.58	-1.05982
10.6	-1.12144
10.62	-0.89602
10.64	-0.24816
10.66	0.26888
10.68	0.38936
10.7	0.60112
10.72	0.8146
10.74	0.89692
10.76	1.09727
10.78	1.12232
10.8	0.71389
10.82	0.10299
10.84	0.09064
10.86	0.37726
10.88	0.2431
10.9	-0.23837
10.92	-0.47892
10.94	-0.09569
10.96	0.2577
10.98	0.377
11	0.47633
11.02	0.10928
11.04	-0.78588
11.06	-1.21128
11.08	-1.05155
11.1	-1.10774
11.12	-1.36847
11.14	-1.09982
11.16	-0.47262
11.18	0.00059
11.2	-0.09346
11.22	-0.52416
11.24	-0.78584
11.26	-0.19156
11.28	0.46055
11.3	0.21893
11.32	-0.01466
11.34	-0.01891
11.36	-0.00172
11.38	-0.12083
11.4	-0.13389
11.42	0.0459
11.44	0.54628
11.46	1.02628
11.48	1.1349
11.5	0.70308
11.52	0.25165
11.54	0.02362
11.56	0.02266
11.58	-0.10614
11.6	-0.29354
11.62	-0.05979
11.64	0.47823
11.66	0.47157
11.68	0.11836
11.7	0.07191
11.72	0.15571
11.74	-0.00038
11.76	-0.03507
11.78	-0.06575
11.8	-0.56706
11.82	-0.81036
11.84	-0.03388
11.86	0.54546
11.88	0.12988
11.9	0.09991
11.92	0.45163
11.94	0.80112
11.96	0.95444
11.98	0.91543
12	0.78585
12.02	0.62449
12.04	0.08961
12.06	-0.69217
12.08	-0.84835
12.1	-0.54885
12.12	-0.20232
12.14	0.25828
12.16	0.47955
12.18	0.3467
12.2	0.1875
12.22	0.10049
12.24	0.17101
12.26	0.48829
12.28	0.65938
12.3	0.45696
12.32	0.23397
12.34	0.19048
12.36	0.13235
12.38	0.12452
12.4	0.11353
12.42	-0.14349
12.44	-0.54322
12.46	-0.62707
12.48	-0.2844
12.5	-0.1535
12.52	-0.27487
12.54	-0.14606
12.56	0.19873
12.58	0.41543
12.6	0.21185
12.62	0.06165
12.64	0.15627
12.66	0.43483
12.68	0.58555
12.7	0.32614
12.72	0.13413
12.74	0.26649
12.76	0.05379
12.78	-0.41526
12.8	-0.50577
12.82	0.10508
12.84	0.60409
12.86	0.68922
12.88	0.74478
12.9	0.67794
12.92	0.37923
12.94	0.01143
12.96	-0.25816
12.98	-0.53324
13	-0.69369
13.02	-0.64893
13.04	-0.39212
13.06	-0.14554
13.08	0.11124
13.1	0.34681
13.12	0.0674
13.14	-0.18235
13.16	0.26038
13.18	0.95401
13.2	1.13205
13.22	0.84248
13.24	0.62108
13.26	0.65024
13.28	0.5197
13.3	0.13346
13.32	-0.15064
13.34	-0.07729
13.36	0.26335
13.38	0.52656
13.4	0.50345
13.42	0.16557
13.44	0.09032
13.46	0.31725
13.48	0.21676
13.5	-0.16194
13.52	-0.4407
13.54	-0.53919
13.56	-0.31855
13.58	-0.01889
13.6	0.07856
13.62	0.20966
13.64	0.31162
13.66	0.24069
13.68	0.02693
13.7	-0.24228
13.72	-0.27858
13.74	-0.05639
13.76	-0.1
13.78	-0.2794
13.8	-0.34736
13.82	-0.45158
13.84	-0.41967
13.86	-0.3895
13.88	-0.44521
13.9	-0.49653
13.92	-0.37581
13.94	-0.20056
13.96	-0.06071
13.98	0.05324
14	-0.01015
14.02	-0.19345
14.04	-0.32996
14.06	-0.34874
14.08	-0.28458
14.1	-0.08475
14.12	0.09281
14.14	0.04146
14.16	-0.08396
14.18	-0.27149
14.2	-0.48721
14.22	-0.44113
14.24	-0.0648
14.26	0.2381
14.28	0.22619
14.3	0.10476
14.32	-0.07208
14.34	-0.04906
14.36	0.04365
14.38	-0.18511
14.4	-0.61418
14.42	-0.81333
14.44	-0.69116
14.46	-0.30398
14.48	-0.0181
14.5	-0.08484
14.52	-0.39734
14.54	-0.58004
14.56	-0.40421
14.58	0.09763
14.6	0.36476
14.62	0.13533
14.64	0.0772
14.66	0.44312
14.68	0.74239
14.7	0.65933
14.72	0.4147
14.74	0.28601
14.76	0.16048
14.78	0.09986
14.8	0.08809
14.82	-0.03965
14.84	-0.10126
14.86	-0.00014
14.88	0.17958
14.9	0.34619
14.92	0.4731
14.94	0.34768
14.96	0.0137
14.98	-0.34201
15	-0.47474
15.02	-0.33683
15.04	-0.08699
15.06	-0.05296
15.08	-0.1893
15.1	-0.22177
15.12	-0.00179
15.14	0.11868
15.16	-0.0409
15.18	-0.12907
15.2	-0.10881
15.22	-0.13354
15.24	-0.09954
15.26	-0.12455
15.28	-0.37353
15.3	-0.60827
15.32	-0.59426
15.34	-0.42801
15.36	-0.29444
15.38	-0.23589
15.4	-0.07744
15.42	0.08152
15.44	0.15147
15.46	0.23746
15.48	0.33586
15.5	0.41423
15.52	0.41453
15.54	0.39666
15.56	0.3807
15.58	0.38896
15.6	0.36424
15.62	0.21998
15.64	-0.02672
15.66	-0.30724
15.68	-0.45989
15.7	-0.40458
15.72	-0.24812
15.74	-0.156
15.76	-0.00293
15.78	0.10594
15.8	-0.03794
15.82	-0.23924
15.84	-0.29283
15.86	-0.38811
15.88	-0.31735
15.9	-0.05733
15.92	0.17749
15.94	0.16584
15.96	0.05143
15.98	-0.04686
16	-0.11034
16.02	-0.11041
16.04	-0.02786
16.06	0.13253
16.08	0.36773
16.1	0.49713
16.12	0.40775
16.14	0.08125
16.16	-0.1316
16.18	-0.00007
16.2	0.08851
16.22	-0.13254
16.24	-0.33605
16.26	-0.31168
16.28	-0.3088
16.3	-0.32931
16.32	-0.25602
16.34	-0.27362
16.36	-0.19446
16.38	0.03878
16.4	0.15675
16.42	0.28716
16.44	0.4527
16.46	0.47445
16.48	0.33334
16.5	0.15951
16.52	0.00334
16.54	-0.11522
16.56	-0.17207
16.58	-0.26711
16.6	-0.20316
16.62	0.03509
16.64	0.24427
16.66	0.25127
16.68	0.05693
16.7	-0.09371
16.72	-0.11237
16.74	-0.07498
16.76	0.12776
16.78	0.30167
16.8	0.24275
16.82	0.05122
16.84	-0.02213
16.86	-0.05
16.88	-0.07487
16.9	-0.04921
16.92	-0.12737
16.94	-0.27365
16.96	-0.43419
16.98	-0.59129
17	-0.60619
17.02	-0.46688
17.04	-0.28054
17.06	-0.13572
17.08	-0.02007
17.1	0.00195
17.12	-0.06725
17.14	-0.18181
17.16	-0.28991
17.18	-0.24183
17.2	-0.132
17.22	-0.11373
17.24	-0.10611
17.26	-0.09188
17.28	-0.12794
17.3	-0.09544
17.32	0.05647
17.34	0.29217
17.36	0.45276
17.38	0.37592
17.4	-0.00187
17.42	-0.23312
17.44	-0.13752
17.46	-0.00247
17.48	-0.05264
17.5	-0.15035
17.52	-0.17158
17.54	-0.07185
17.56	0.0379
17.58	0.09481
17.6	-0.02631
17.62	-0.10181
17.64	0.13942
17.66	0.32579
17.68	0.21802
17.7	-0.04305
17.72	-0.32486
17.74	-0.45442
17.76	-0.45202
17.78	-0.44916
17.8	-0.41788
17.82	-0.32546
17.84	-0.17354
17.86	-0.1164
17.88	-0.10518
17.9	-0.02719
17.92	0.18049
17.94	0.35182
17.96	0.31006
17.98	0.27198
18	0.36254
18.02	0.41406
18.04	0.33321
18.06	0.09138
18.08	-0.09778
18.1	-0.04523
18.12	0.08674
18.14	0.14725
18.16	0.15113
18.18	0.05358
18.2	-0.07336
18.22	-0.11908
18.24	-0.13201
18.26	-0.17138
18.28	-0.14319
18.3	-0.11291
18.32	-0.11422
18.34	-0.07981
18.36	-0.01651
18.38	-0.01466
18.4	-0.05215
18.42	0.03986
18.44	0.22816
18.46	0.36192
18.48	0.37431
18.5	0.32538
18.52	0.24956
18.54	0.18971
18.56	0.26893
18.58	0.30319
18.6	0.24243
18.62	0.14429
18.64	0.01242
18.66	-0.0653
18.68	0.01984
18.7	0.12352
18.72	0.17415
18.74	0.22655
18.76	0.31105
18.78	0.33741
18.8	0.21418
18.82	0.04391
18.84	-0.03334
18.86	-0.02473
18.88	0.00259
18.9	0.0012
18.92	-0.01582
18.94	-0.01844
18.96	-0.02789
18.98	-0.05283
19	-0.07624
19.02	-0.10098
19.04	-0.1083
19.06	-0.0986
19.08	-0.0735
19.1	-0.0691
19.12	-0.10673
19.14	-0.15931
19.16	-0.15706
19.18	-0.07261
19.2	0.01104
19.22	0.02735
19.24	0.00391
19.26	-0.01751
19.28	-0.04987
19.3	-0.09569
19.32	-0.10394
19.34	-0.12491
19.36	-0.16641
19.38	-0.15414
19.4	-0.06859
19.42	0.02048
19.44	0.05733
19.46	0.10514
19.48	0.16679
19.5	0.13504
19.52	0.09877
19.54	0.13868
19.56	0.16806
19.58	0.12045
19.6	0.00411
19.62	-0.11666
19.64	-0.08915
19.66	-0.00306
19.68	0.05656
19.7	0.08185
19.72	0.04658
19.74	0.0532
19.76	0.14824
19.78	0.24124
19.8	0.2495
19.82	0.18058
19.84	0.10093
19.86	0.05723
19.88	0.08045
19.9	0.18504
19.92	0.29891
19.94	0.32716
19.96	0.23366
19.98	0.05224
20	-0.06483
20.02	-0.06983
20.04	-0.04916
20.06	-0.07816
20.08	-0.13421
20.1	-0.1385
20.12	-0.06457
20.14	-0.00658
20.16	-0.02827
20.18	-0.09058
20.2	-0.06519
20.22	0.03787
20.24	0.14789
20.26	0.15186
20.28	0.02966
20.3	-0.04197
20.32	0.04003
20.34	0.17692
20.36	0.26162
20.38	0.27413
20.4	0.21737
20.42	0.12729
20.44	0.08882
20.46	0.14821
20.48	0.22217
20.5	0.23458
20.52	0.20073
20.54	0.19182
20.56	0.21756
20.58	0.22078
20.6	0.17734
20.62	0.17969
20.64	0.24605
20.66	0.26103
20.68	0.21889
20.7	0.14874
20.72	0.11011
20.74	0.12397
20.76	0.16463
20.78	0.18951
20.8	0.20208
20.82	0.22384
20.84	0.21416
20.86	0.14758
20.88	0.06578
20.9	0.00827
20.92	-0.03171
20.94	-0.10682
20.96	-0.22864
20.98	-0.2856
21	-0.23151
21.02	-0.15856
21.04	-0.08046
21.06	-0.00748
21.08	0.00409
21.1	-0.05429
21.12	-0.13087
21.14	-0.15135
21.16	-0.0891
21.18	0.03097
21.2	0.13649
21.22	0.16186
21.24	0.06607
21.26	-0.03244
21.28	-0.01842
21.3	0.01061
21.32	0.02379
21.34	0.03546
21.36	0.01175
21.38	-0.08791
21.4	-0.23494
21.42	-0.37069
21.44	-0.44042
21.46	-0.45902
21.48	-0.43666
21.5	-0.39402
21.52	-0.32926
21.54	-0.24884
21.56	-0.18771
21.58	-0.12899
21.6	-0.09076
21.62	-0.09257
21.64	-0.08779
21.66	-0.04985
21.68	-0.01992
21.7	0.00044
21.72	0.0265
21.74	0.02951
21.76	-0.01851
21.78	-0.02113
21.8	0.00422
21.82	-0.02108
21.84	-0.11177
21.86	-0.21253
21.88	-0.29877
21.9	-0.31686
21.92	-0.31931
21.94	-0.3516
21.96	-0.35534
21.98	-0.30728
22	-0.24403
22.02	-0.15062
22.04	-0.07334
22.06	-0.0741
22.08	-0.07605
22.1	-0.0504
22.12	-0.03003
22.14	-0.02209
22.16	-0.03246
22.18	-0.06409
22.2	-0.1122
22.22	-0.14124
22.24	-0.10939
22.26	-0.03622
22.28	0.02385
22.3	0.05127
22.32	0.07568
22.34	0.08748
22.36	0.10606
22.38	0.11673
22.4	0.01919
22.42	-0.1505
22.44	-0.24031
22.46	-0.27417
22.48	-0.23273
22.5	-0.14033
22.52	-0.04495
22.54	-0.002
22.56	0.02197
22.58	0.04895
22.6	0.02655
22.62	-0.00179
22.64	0.02693
22.66	0.0342
22.68	-0.00208
22.7	-0.03663
22.72	-0.04467
22.74	-0.0741
22.76	-0.13261
22.78	-0.19076
22.8	-0.25194
22.82	-0.26683
22.84	-0.24834
22.86	-0.20875
22.88	-0.13796
22.9	-0.0472
22.92	0.00183
22.94	-0.03072
22.96	-0.08998
22.98	-0.12344
23	-0.12309
23.02	-0.0848
23.04	-0.03526
23.06	-0.01651
23.08	0.00046
23.1	0.02618
23.12	0.03422
23.14	0.01409
23.16	-0.00028
23.18	0.01411
23.2	0.02807
23.22	0.06953
23.24	0.13244
23.26	0.12641
23.28	0.0461
23.3	-0.02942
23.32	-0.08658
23.34	-0.14969
23.36	-0.18902
23.38	-0.18926
23.4	-0.15372
23.42	-0.08674
23.44	-0.01122
23.46	0.03452
23.48	0.05987
23.5	0.10351
23.52	0.16295
23.54	0.23973
23.56	0.27972
23.58	0.24868
23.6	0.1681
23.62	0.07806
23.64	0.02843
23.66	0.00701
23.68	0.00875
23.7	0.03534
23.72	0.1097
23.74	0.21145
23.76	0.26869
23.78	0.24651
23.8	0.18861
23.82	0.12218
23.84	0.08524
23.86	0.05369
23.88	0.01705
23.9	-0.03188
23.92	-0.0508
23.94	-0.02458
23.96	0.03148
23.98	0.087
24	0.09712
24.02	0.07096
24.04	0.10729
24.06	0.12684
24.08	0.05553
24.1	-0.02858
24.12	-0.03271
24.14	0.03292
24.16	0.11877
24.18	0.17251
24.2	0.1874
24.22	0.16958
24.24	0.16315
24.26	0.13562
24.28	0.09368
24.3	0.09558
24.32	0.10213
24.34	0.06269
24.36	-0.01512
24.38	-0.07465
24.4	-0.10458
24.42	-0.11439
24.44	-0.11496
24.46	-0.09299
24.48	-0.05847
24.5	-0.02209
24.52	0.03958
24.54	0.10795
24.56	0.11163
24.58	0.05515
24.6	-0.01647
24.62	-0.07074
24.64	-0.08058
24.66	-0.06091
24.68	-0.0298
24.7	-0.002
24.72	0.0089
24.74	0.0114
24.76	0.01849
24.78	0.00686
24.8	0.00933
24.82	0.032
24.84	0.06587
24.86	0.109
24.88	0.10791
24.9	0.03505
24.92	-0.03797
24.94	-0.04396
24.96	-0.03268
24.98	-0.00479
25	0.02921
25.02	0.05692
25.04	0.07541
25.06	0.07338
25.08	0.07344
25.1	0.06196
25.12	0.06324
25.14	0.09267
25.16	0.09684
25.18	0.06474
25.2	0.05859
25.22	0.08419
25.24	0.10955
25.26	0.13336
25.28	0.13246
25.3	0.10772
25.32	0.09653
25.34	0.11099
25.36	0.1199
25.38	0.08261
25.4	0.04676
25.42	0.0415
25.44	0.0441
25.46	0.04889
25.48	0.05791
25.5	0.04573
25.52	0.01051
25.54	-0.00923
25.56	-0.0263
25.58	-0.02281
25.6	-0.01717
25.62	-0.04088
25.64	-0.10972
25.66	-0.1848
25.68	-0.24752
25.7	-0.25673
25.72	-0.19042
25.74	-0.11215
25.76	-0.07771
25.78	-0.05789
25.8	-0.01872
25.82	0.03666
25.84	0.10875
25.86	0.20308
25.88	0.26426
25.9	0.25369
25.92	0.20511
25.94	0.14705
25.96	0.09588
25.98	0.09265
26	0.12061
26.02	0.13453
26.04	0.13815
26.06	0.12627
26.08	0.09549
26.1	0.08051
26.12	0.08399
26.14	0.12475
26.16	0.19148
26.18	0.24634
26.2	0.2704
26.22	0.23457
26.24	0.19044
26.26	0.1652
26.28	0.15587
26.3	0.12731
26.32	0.07154
26.34	-0.00411
26.36	-0.06513
26.38	-0.10516
26.4	-0.1359
26.42	-0.15565
26.44	-0.17716
26.46	-0.19111
26.48	-0.19815
26.5	-0.21828
26.52	-0.22969
26.54	-0.20015
26.56	-0.15369
26.58	-0.12622
26.6	-0.15746
26.62	-0.19731
26.64	-0.18004
26.66	-0.16927
26.68	-0.16049
26.7	-0.17145
26.72	-0.17257
26.74	-0.13448
26.76	-0.08783
26.78	-0.04581
26.8	0.0065
26.82	0.06039
26.84	0.08934
26.86	0.07505
26.88	0.05251
26.9	0.02236
26.92	0.00343
26.94	0.0176
26.96	0.03616
26.98	0.05843
27	0.07589
27.02	0.06445
27.04	0.02567
27.06	-0.052
27.08	-0.12308
27.1	-0.13295
27.12	-0.08633
27.14	-0.01052
27.16	0.03522
27.18	0.0522
27.2	0.05578
27.22	0.04026
27.24	0.02994
27.26	0.03908
27.28	0.06565
27.3	0.10535
27.32	0.1291
27.34	0.11565
27.36	0.08907
27.38	0.07081
27.4	0.04128
27.42	0.00822
27.44	-0.05005
27.46	-0.08283
27.48	-0.06286
27.5	-0.03283
27.52	-0.00686
27.54	0.00356
27.56	-0.02515
27.58	-0.08102
27.6	-0.12586
27.62	-0.12925
27.64	-0.06854
27.66	0.00817
27.68	0.01733
27.7	-0.00476
27.72	-0.02731
27.74	-0.07641
27.76	-0.12139
27.78	-0.12453
27.8	-0.09276
27.82	-0.05256
27.84	-0.02861
27.86	-0.04128
27.88	-0.05707
27.9	-0.07711
27.92	-0.09821
27.94	-0.09436
27.96	-0.07206
27.98	-0.04375
28	-0.03832
28.02	-0.04955
28.04	-0.0728
28.06	-0.11709
28.08	-0.16961
28.1	-0.20119
28.12	-0.20696
28.14	-0.17919
28.16	-0.11159
28.18	-0.03919
28.2	-0.02954
28.22	-0.02236
28.24	-0.01834
28.26	-0.03268
28.28	-0.02439
28.3	0.01609
28.32	0.03772
28.34	0.02205
28.36	-0.02496
28.38	-0.06879
28.4	-0.08827
28.42	-0.09399
28.44	-0.06558
28.46	-0.03138
28.48	-0.0104
28.5	0.00177
28.52	0.00064
28.54	0.00583
28.56	0.03002
28.58	0.04548
28.6	0.02851
28.62	0.00495
28.64	-0.00259
28.66	0.00687
28.68	0.01229
28.7	0.00862
28.72	-0.01509
28.74	-0.08112
28.76	-0.18462
28.78	-0.25839
28.8	-0.28999
28.82	-0.29043
28.84	-0.27087
28.86	-0.25607
28.88	-0.23389
28.9	-0.18157
28.92	-0.10697
28.94	-0.03747
28.96	0.02537
28.98	0.06468
29	0.09112
29.02	0.11265
29.04	0.14859
29.06	0.15133
29.08	0.1456
29.1	0.14593
29.12	0.14516
29.14	0.13999
29.16	0.10959
29.18	0.07262
29.2	0.05937
29.22	0.0645
29.24	0.08661
29.26	0.11048
29.28	0.10665
29.3	0.08423
29.32	0.0954
29.34	0.14566
29.36	0.18149
29.38	0.19205
29.4	0.16098
29.42	0.11666
29.44	0.09878
29.46	0.08817
29.48	0.068
29.5	0.04699
29.52	0.02311
29.54	-0.02049
29.56	-0.04954
29.58	-0.06307
29.6	-0.08499
29.62	-0.09455
29.64	-0.08075
29.66	-0.06001
29.68	-0.01794
29.7	0.02727
29.72	0.05254
29.74	0.05375
29.76	0.04167
29.78	0.01695
29.8	-0.01981
29.82	-0.04505
29.84	-0.03423
29.86	-0.00108
29.88	0.01409
29.9	0.05097
29.92	0.07287
29.94	0.04096
29.96	0.02291
29.98	0.03307
30	0.06196
30.02	0.11703
30.04	0.14688
30.06	0.13215
30.08	0.10623
30.1	0.10022
30.12	0.1315
30.14	0.15886
30.16	0.16918
30.18	0.16786
30.2	0.15817
30.22	0.14531
30.24	0.11859
30.26	0.08643
30.28	0.07251
30.3	0.08163
30.32	0.09461
30.34	0.09526
30.36	0.08418
30.38	0.05742
30.4	0.02242
30.42	-0.00919
30.44	-0.005
30.46	0.01945
30.48	0.04538
30.5	0.04422
30.52	0.01766
30.54	-0.00976
30.56	-0.02327
30.58	-0.00978
30.6	0.02327
30.62	0.07642
30.64	0.1175
30.66	0.12847
30.68	0.13729
30.7	0.1368
30.72	0.11706
30.74	0.10063
30.76	0.09733
30.78	0.10209
30.8	0.10044
30.82	0.10402
30.84	0.11633
30.86	0.12355
30.88	0.11389
30.9	0.10572
30.92	0.09687
30.94	0.06326
30.96	0.02378
30.98	-0.00354
31	-0.04203
31.02	-0.0641
31.04	-0.07096
31.06	-0.08106
31.08	-0.08762
31.1	-0.08889
31.12	-0.0953
31.14	-0.08521
31.16	-0.08589
31.18	-0.10675
31.2	-0.13352
31.22	-0.17061
31.24	-0.21213
31.26	-0.23091
31.28	-0.2286
31.3	-0.22235
31.32	-0.22816
31.34	-0.23625
31.36	-0.23487
31.38	-0.20849
31.4	-0.17661
31.42	-0.15833
31.44	-0.13563
31.46	-0.1098
31.48	-0.07221
31.5	-0.0409
31.52	-0.03821
31.54	-0.04288
31.56	-0.03573
31.58	-0.01067
31.6	0.02122
31.62	0.04962
31.64	0.06969
31.66	0.07206
31.68	0.08108
31.7	0.07587
31.72	0.07763
31.74	0.09161
31.76	0.10941
31.78	0.11083
31.8	0.10616
31.82	0.09536
31.84	0.08371
31.86	0.06351
31.88	0.03076
31.9	0.00037
31.92	-0.02389
31.94	-0.03907
31.96	-0.04543
31.98	-0.05059
32	-0.04877
32.02	-0.02634
32.04	0.01099
32.06	0.04418
32.08	0.06125
32.1	0.05882
32.12	0.03616
32.14	0.03729
32.16	0.05138
32.18	0.07902
32.2	0.11567
32.22	0.14323
32.24	0.15483
32.26	0.14526
32.28	0.13328
32.3	0.12009
32.32	0.0995
32.34	0.08639
32.36	0.07699
32.38	0.07317
32.4	0.06226
32.42	0.05086
32.44	0.04359
32.46	0.02236
32.48	-0.01578
32.5	-0.04887
32.52	-0.07042
32.54	-0.06869
32.56	-0.04378
32.58	-0.01453
32.6	0.00626
32.62	0.00541
32.64	-0.00588
32.66	-0.02532
32.68	-0.03783
32.7	-0.05247
32.72	-0.05262
32.74	-0.04961
32.76	-0.0506
32.78	-0.06028
32.8	-0.06752
32.82	-0.06974
32.84	-0.07766
32.86	-0.08768
32.88	-0.10029
32.9	-0.11501
32.92	-0.13647
32.94	-0.14914
32.96	-0.14256
32.98	-0.11736
33	-0.09081
33.02	-0.08064
33.04	-0.06891
33.06	-0.05328
33.08	-0.03105
33.1	-0.00943
33.12	0.00063
33.14	0.01306
33.16	0.01292
33.18	0.00215
33.2	-0.00876
33.22	-0.0135
33.24	-0.01032
33.26	-0.0163
33.28	-0.03011
33.3	-0.05446
33.32	-0.08311
33.34	-0.11051
33.36	-0.14395
33.38	-0.1579
33.4	-0.14854
33.42	-0.12285
33.44	-0.10602
33.46	-0.09912
33.48	-0.09546
33.5	-0.10211
33.52	-0.11703
33.54	-0.12015
33.56	-0.11273
33.58	-0.0954
33.6	-0.07357
33.62	-0.0634
33.64	-0.04333
33.66	-0.02875
33.68	-0.02481
33.7	-0.02076
33.72	-0.01659
33.74	-0.00362
33.76	0.01473
33.78	0.02417
33.8	0.01624
33.82	-0.00949
33.84	-0.03611
33.86	-0.05919
33.88	-0.08133
33.9	-0.10586
33.92	-0.11618
33.94	-0.10098
33.96	-0.07172
33.98	-0.03267
34	-0.01019
34.02	-0.00591
34.04	-0.0017
34.06	-0.01251
34.08	-0.02528
34.1	-0.0507
34.12	-0.07612
34.14	-0.08262
34.16	-0.07491
34.18	-0.07557
34.2	-0.08554
34.22	-0.09712
34.24	-0.10652
34.26	-0.10533
34.28	-0.08513
34.3	-0.06265
34.32	-0.05764
34.34	-0.05955
34.36	-0.06481
34.38	-0.06366
34.4	-0.03891
34.42	-0.02102
34.44	-0.01242
34.46	-0.00243
34.48	0.01666
34.5	0.03413
34.52	0.05666
34.54	0.07621
34.56	0.09664
34.58	0.10702
34.6	0.11483
34.62	0.11003
34.64	0.11367
34.66	0.1029
34.68	0.08555
34.7	0.06705
34.72	0.05753
34.74	0.05287
34.76	0.04751
34.78	0.03195
34.8	0.0125
34.82	-0.01334
34.84	-0.03273
34.86	-0.04179
34.88	-0.02083
34.9	0.00869
34.92	0.03544
34.94	0.05425
34.96	0.05474
34.98	0.04024
35	0.02526
35.02	0.01955
35.04	0.04109
35.06	0.06878
35.08	0.09186
35.1	0.09368
35.12	0.08055
35.14	0.076
35.16	0.05833
35.18	0.04482
35.2	0.03898
35.22	0.02904
35.24	0.019
35.26	0.01294
35.28	0.02072
35.3	0.03367
35.32	0.03775
35.34	0.02037
35.36	0.01577
35.38	0.01565
35.4	0.02296
35.42	0.05115
35.44	0.08258
35.46	0.10604
35.48	0.11041
35.5	0.08773
35.52	0.06646
35.54	0.04473
35.56	0.03639
35.58	0.03596
35.6	0.04042
35.62	0.05276
35.64	0.05775
35.66	0.05655
35.68	0.05623
35.7	0.05183
35.72	0.0544
35.74	0.06923
35.76	0.09545
35.78	0.12819
35.8	0.13823
35.82	0.13903
35.84	0.14456
35.86	0.14073
35.88	0.12686
35.9	0.09119
35.92	0.05864
35.94	0.0383
35.96	0.03339
35.98	0.03586
36	0.05032
36.02	0.04637
36.04	0.04553
36.06	0.03721
36.08	0.02701
36.1	0.0162
36.12	-0.00023
36.14	0.00485
36.16	0.02381
36.18	0.02947
36.2	0.03355
36.22	0.02256
36.24	0.00675
36.26	0.00067
36.28	0.02463
36.3	0.05744
36.32	0.08275
36.34	0.0791
36.36	0.054
36.38	0.03735
36.4	0.02891
36.42	0.02713
36.44	0.0122
36.46	-0.00422
36.48	-0.01315
36.5	-0.0274
36.52	-0.04521
36.54	-0.05186
36.56	-0.05633
36.58	-0.06068
36.6	-0.07102
36.62	-0.07881
36.64	-0.07598
36.66	-0.07511
36.68	-0.07675
36.7	-0.0649
36.72	-0.05912
36.74	-0.06791
36.76	-0.08429
36.78	-0.09023
36.8	-0.08846
36.82	-0.08119
36.84	-0.0697
36.86	-0.05818
36.88	-0.05868
36.9	-0.06595
36.92	-0.07734
36.94	-0.09744
36.96	-0.11066
36.98	-0.10647
37	-0.10568
37.02	-0.11156
37.04	-0.10578
37.06	-0.0995
37.08	-0.09571
37.1	-0.07994
37.12	-0.05602
37.14	-0.02632
37.16	-0.00236
37.18	0.02581
37.2	0.05266
37.22	0.07754
37.24	0.09424
37.26	0.09695
37.28	0.09492
37.3	0.09057
37.32	0.08712
37.34	0.08071
37.36	0.06376
37.38	0.06588
37.4	0.07954
37.42	0.08468
37.44	0.08205
37.46	0.07541
37.48	0.06854
37.5	0.06211
37.52	0.05653
37.54	0.04477
37.56	0.01761
37.58	-0.0051
37.6	-0.03228
37.62	-0.04296
37.64	-0.04148
37.66	-0.04589
37.68	-0.0445
37.7	-0.04162
37.72	-0.05216
37.74	-0.05938
37.76	-0.05916
37.78	-0.07052
37.8	-0.0807
37.82	-0.09815
37.84	-0.11035
37.86	-0.1185
