Tiempo (s)	ag (m/2^2)
0	0.047
0.02	-0.08476
0.04	-0.131
0.06	-0.04161
0.08	0.04809
0.1	0.04462
0.12	-0.1487
0.14	-0.21914
0.16	-0.10151
0.18	-0.00725
0.2	-0.06944
0.22	-0.18255
0.24	-0.21327
0.26	-0.17551
0.28	-0.12481
0.3	-0.05223
0.32	0.01235
0.34	0.04082
0.36	0.114
0.38	0.10851
0.4	0.06633
0.42	0.04897
0.44	0.1188
0.46	0.19923
0.48	0.17705
0.5	0.18247
0.52	0.18627
0.54	0.15783
0.56	0.06234
0.58	-0.02706
0.6	-0.07008
0.62	-0.0833
0.64	-0.06984
0.66	-0.01026
0.68	0.02014
0.7	0.01194
0.72	0.01955
0.74	0.04823
0.76	-0.00153
0.78	-0.18356
0.8	-0.33215
0.82	-0.31399
0.84	-0.0723
0.86	0.11229
0.88	-0.01085
0.9	-0.20654
0.92	-0.26535
0.94	-0.09899
0.96	0.11356
0.98	0.20593
1	0.19088
1.02	0.1621
1.04	0.21362
1.06	0.21746
1.08	0.18146
1.1	0.0986
1.12	0.05808
1.14	0.13958
1.16	0.20265
1.18	0.08508
1.2	-0.10203
1.22	-0.2816
1.24	-0.26996
1.26	-0.06901
1.28	0.05842
1.3	0.13412
1.32	0.14349
1.34	0.1614
1.36	0.17333
1.38	0.09445
1.4	-0.12379
1.42	-0.29268
1.44	-0.25463
1.46	-0.09291
1.48	-0.01895
1.5	-0.06103
1.52	-0.12695
1.54	-0.17413
1.56	-0.27028
1.58	-0.31038
1.6	-0.17314
1.62	0.05121
1.64	0.27179
1.66	0.29058
1.68	0.1299
1.7	0.05776
1.72	0.10135
1.74	0.18208
1.76	0.15152
1.78	-0.0168
1.8	-0.04218
1.82	0.1891
1.84	0.30918
1.86	0.16743
1.88	-0.03886
1.9	-0.13435
1.92	-0.00322
1.94	0.23593
1.96	0.32345
1.98	0.06975
2	-0.18108
2.02	-0.19792
2.04	-0.11672
2.06	-0.06515
2.08	-0.11381
2.1	-0.226
2.12	-0.26938
2.14	-0.21018
2.16	-0.08928
2.18	-0.12836
2.2	-0.3019
2.22	-0.37373
2.24	-0.03464
2.26	0.31183
2.28	0.10446
2.3	-0.07664
2.32	-0.03326
2.34	0.00691
2.36	-0.0323
2.38	0.20387
2.4	0.53023
2.42	0.4506
2.44	0.29102
2.46	0.31758
2.48	0.29613
2.5	0.12329
2.52	0.06272
2.54	0.19264
2.56	0.18024
2.58	-0.12083
2.6	-0.22933
2.62	0.14219
2.64	0.35975
2.66	0.23634
2.68	0.03444
2.7	-0.40389
2.72	-0.65205
2.74	-0.68688
2.76	-0.41074
2.78	-0.04908
2.8	-0.08361
2.82	-0.24178
2.84	0.21193
2.86	0.92777
2.88	1.22393
2.9	1.03615
2.92	0.62623
2.94	0.38546
2.96	0.44461
2.98	0.62996
3	0.34283
3.02	-0.136
3.04	-0.39504
3.06	-0.39485
3.08	-0.61472
3.1	-0.86848
3.12	-0.90613
3.14	-0.74021
3.16	-0.43831
3.18	-0.00533
3.2	0.46697
3.22	0.55813
3.24	0.36324
3.26	0.36726
3.28	0.4035
3.3	0.14017
3.32	-0.26566
3.34	-0.49125
3.36	-0.40401
3.38	-0.22239
3.4	-0.13804
3.42	-0.21623
3.44	-0.35273
3.46	-0.55244
3.48	-0.50907
3.5	-0.06944
3.52	0.37986
3.54	0.85219
3.56	0.65734
3.58	-0.06793
3.6	-0.36583
3.62	-0.11017
3.64	0.3594
3.66	0.09488
3.68	-0.37236
3.7	-0.29391
3.72	0.08026
3.74	0.1234
3.76	-0.0851
3.78	-0.10811
3.8	-0.24924
3.82	-0.38724
3.84	-0.27651
3.86	0.35146
3.88	0.76228
3.9	0.37553
3.92	-0.02184
3.94	-0.06253
3.96	0.24766
3.98	0.43483
4	0.3046
4.02	0.0224
4.04	-0.06444
4.06	0.21583
4.08	0.37557
4.1	0.37193
4.12	0.51434
4.14	0.53989
4.16	0.43131
4.18	0.43447
4.2	0.5453
4.22	0.58887
4.24	0.53061
4.26	0.37364
4.28	0.05994
4.3	-0.16454
4.32	-0.21592
4.34	-0.32485
4.36	-0.64963
4.38	-0.741
4.4	-0.50387
4.42	-0.19677
4.44	-0.02719
4.46	-0.36121
4.48	-0.90971
4.5	-1.20109
4.52	-1.20128
4.54	-0.99258
4.56	-0.43079
4.58	0.05054
4.6	-0.0175
4.62	-0.06726
4.64	0.10861
4.66	0.39302
4.68	0.70618
4.7	0.8123
4.72	0.74144
4.74	0.70058
4.76	0.74845
4.78	0.79358
4.8	0.7284
4.82	0.52006
4.84	0.12447
4.86	-0.34857
4.88	-0.59966
4.9	-0.61487
4.92	-0.53435
4.94	-0.53656
4.96	-0.55364
4.98	-0.45681
5	-0.30794
5.02	-0.31577
5.04	-0.42421
5.06	-0.53859
5.08	-0.68648
5.1	-0.68559
5.12	-0.72776
5.14	-0.81231
5.16	-0.73512
5.18	-0.6965
5.2	-0.72752
5.22	-0.63668
5.24	-0.35609
5.26	0.08691
5.28	0.53437
5.3	1.04233
5.32	1.32037
5.34	1.2986
5.36	0.8707
5.38	0.20316
5.4	-0.12427
5.42	-0.12197
5.44	0.0744
5.46	0.39181
5.48	0.56605
5.5	0.53906
5.52	0.48329
5.54	0.42426
5.56	0.32659
5.58	0.09434
5.6	-0.1983
5.62	-0.49153
5.64	-0.65437
5.66	-0.72084
5.68	-0.8029
5.7	-0.42877
5.72	0.08665
5.74	0.31805
5.76	0.05394
5.78	-0.65365
5.8	-1.25367
5.82	-1.56515
5.84	-1.56553
5.86	-1.4321
5.88	-1.18999
5.9	-0.95478
5.92	-0.44416
5.94	0.35473
5.96	1.16943
5.98	1.64492
6	1.76515
6.02	1.76848
6.04	1.72334
6.06	1.59585
6.08	1.18472
6.1	0.81448
6.12	0.38869
6.14	-0.16162
6.16	-0.36091
6.18	-0.12944
6.2	0.12543
6.22	0.1873
6.24	0.29228
6.26	0.54918
6.28	0.62918
6.3	0.23242
6.32	-0.28808
6.34	-0.49601
6.36	-0.55909
6.38	-0.59039
6.4	-0.62649
6.42	-0.52668
6.44	-0.23255
6.46	-0.2984
6.48	-0.57546
6.5	-0.83997
6.52	-1.0583
6.54	-1.25705
6.56	-1.33481
6.58	-1.01394
6.6	-0.2594
6.62	0.79057
6.64	1.48111
6.66	1.93574
6.68	1.98434
6.7	1.47262
6.72	1.03466
6.74	0.89245
6.76	0.73036
6.78	0.51316
6.8	0.54214
6.82	0.63863
6.84	0.63095
6.86	0.4011
6.88	0.26145
6.9	0.21369
6.92	0.13651
6.94	0.03235
6.96	-0.07528
6.98	-0.19517
7	-0.40292
7.02	-0.63014
7.04	-0.95879
7.06	-1.28214
7.08	-1.66507
7.1	-1.96779
7.12	-1.89671
7.14	-1.42457
7.16	-0.61464
7.18	0.20737
7.2	0.7073
7.22	0.64429
7.24	0.33071
7.26	-0.18309
7.28	-0.65715
7.3	-0.84772
7.32	-0.77608
7.34	-0.44832
7.36	-0.23551
7.38	-0.14382
7.4	0.11255
7.42	0.54337
7.44	1.08098
7.46	1.65363
7.48	1.91523
7.5	1.74039
7.52	1.07268
7.54	0.31833
7.56	-0.1548
7.58	-0.40193
7.6	-0.48673
7.62	-0.55407
7.64	-0.7021
7.66	-0.67086
7.68	-0.34462
7.7	-0.13429
7.72	-0.09389
7.74	-0.15515
7.76	-0.38703
7.78	-0.61955
7.8	-0.86935
7.82	-0.95623
7.84	-0.81231
7.86	-0.71402
7.88	-0.63622
7.9	-0.41395
7.92	-0.1752
7.94	-0.06798
7.96	-0.21492
7.98	-0.619
8	-0.78396
8.02	-0.64443
8.04	-0.51575
8.06	-0.2575
8.08	0.11015
8.1	0.44315
8.12	0.86555
8.14	1.3385
8.16	1.59905
8.18	1.6923
8.2	1.53104
8.22	1.29347
8.24	1.21815
8.26	1.21435
8.28	1.14087
8.3	0.91158
8.32	0.56865
8.34	0.3599
8.36	0.44519
8.38	0.61603
8.4	0.64455
8.42	0.2965
8.44	-0.03348
8.46	-0.12616
8.48	0.12723
8.5	0.49529
8.52	0.5145
8.54	0.13045
8.56	-0.31271
8.58	-0.65987
8.6	-0.94976
8.62	-1.20996
8.64	-1.5595
8.66	-1.87686
8.68	-2.08778
8.7	-2.09948
8.72	-2.03192
8.74	-1.65345
8.76	-0.96739
8.78	-0.23773
8.8	0.56594
8.82	1.19252
8.84	1.37213
8.86	1.05902
8.88	0.47828
8.9	-0.094
8.92	-0.6007
8.94	-0.95858
8.96	-1.09277
8.98	-1.06332
9	-0.90198
9.02	-0.64227
9.04	-0.365
9.06	-0.09797
9.08	-0.00556
9.1	-0.06593
9.12	-0.19242
9.14	-0.13078
9.16	0.07152
9.18	0.22006
9.2	0.12871
9.22	-0.2638
9.24	-0.60877
9.26	-0.84554
9.28	-0.89086
9.3	-0.84965
9.32	-0.90861
9.34	-1.04691
9.36	-1.03179
9.38	-0.73447
9.4	-0.41909
9.42	-0.29601
9.44	-0.25639
9.46	-0.23478
9.48	-0.20273
9.5	-0.03929
9.52	0.17479
9.54	0.25689
9.56	0.31128
9.58	0.54988
9.6	0.87215
9.62	1.19835
9.64	1.44551
9.66	1.60632
9.68	1.78169
9.7	2.00973
9.72	2.30606
9.74	2.58519
9.76	2.76805
9.78	2.78377
9.8	2.27547
9.82	1.5747
9.84	1.13639
9.86	0.88909
9.88	0.75858
9.9	0.53444
9.92	0.30235
9.94	0.07741
9.96	-0.11758
9.98	-0.25659
10	-0.3323
10.02	-0.39556
10.04	-0.55579
10.06	-0.78231
10.08	-0.93615
10.1	-0.96549
10.12	-0.84936
10.14	-0.67525
10.16	-0.58604
10.18	-0.5691
10.2	-0.65949
10.22	-0.74448
10.24	-0.74426
10.26	-0.55442
10.28	-0.28538
10.3	-0.15529
10.32	-0.26462
10.34	-0.5176
10.36	-0.60956
10.38	-0.4401
10.4	-0.12507
10.42	0.03759
10.44	0.04669
10.46	0.02208
10.48	0.03375
10.5	0.06846
10.52	0.11354
10.54	-0.00043
10.56	-0.15895
10.58	-0.14998
10.6	0.01345
10.62	0.23206
10.64	0.25765
10.66	0.09129
10.68	-0.15777
10.7	-0.26972
10.72	-0.09375
10.74	0.25644
10.76	0.45366
10.78	0.47656
10.8	0.40149
10.82	0.23898
10.84	0.1195
10.86	0.1011
10.88	0.10579
10.9	0.07365
10.92	0.06695
10.94	0.042
10.96	-0.06594
10.98	-0.25415
11	-0.48447
11.02	-0.81132
11.04	-1.14473
11.06	-1.28126
11.08	-1.28486
11.1	-1.04903
11.12	-0.63528
11.14	-0.22128
11.16	0.12197
11.18	0.35211
11.2	0.35335
11.22	0.19159
11.24	0.06394
11.26	-0.08923
11.28	-0.05947
11.3	0.00031
11.32	0.0461
11.34	0.21453
11.36	0.34443
11.38	0.3616
11.4	0.40288
11.42	0.46699
11.44	0.4897
11.46	0.64434
11.48	0.9388
11.5	1.29349
11.52	1.52588
11.54	1.58739
11.56	1.5002
11.58	1.29102
11.6	0.99734
11.62	0.68903
11.64	0.52437
11.66	0.44028
11.68	0.32743
11.7	0.07514
11.72	-0.21552
11.74	-0.43336
11.76	-0.58419
11.78	-0.6912
11.8	-0.77278
11.82	-0.65864
11.84	-0.36956
11.86	-0.06235
11.88	0.12913
11.9	0.26677
11.92	0.26316
11.94	-0.07403
11.96	-0.4839
11.98	-0.80923
12	-0.99829
12.02	-1.11146
12.04	-1.1385
12.06	-1.08397
12.08	-1.0283
12.1	-0.94999
12.12	-0.87437
12.14	-0.78469
12.16	-0.72333
12.18	-0.63997
12.2	-0.44012
12.22	-0.2259
12.24	-0.0821
12.26	0.12004
12.28	0.28159
12.3	0.30708
12.32	0.19214
12.34	0.01449
12.36	-0.08966
12.38	-0.15782
12.4	-0.16956
12.42	-0.17451
12.44	-0.24635
12.46	-0.38329
12.48	-0.58396
12.5	-0.75486
12.52	-0.74777
12.54	-0.58686
12.56	-0.32337
12.58	-0.015
12.6	0.32399
12.62	0.54397
12.64	0.5991
12.66	0.57343
12.68	0.41541
12.7	0.26293
12.72	0.18741
12.74	0.24959
12.76	0.44291
12.78	0.60376
12.8	0.6665
12.82	0.70706
12.84	0.76661
12.86	0.82497
12.88	0.74043
12.9	0.63096
12.92	0.62541
12.94	0.74038
12.96	0.95404
12.98	1.09579
13	1.18476
13.02	1.11148
13.04	0.74384
13.06	0.31389
13.08	0.05324
13.1	-0.10733
13.12	-0.21189
13.14	-0.21836
13.16	-0.16633
13.18	-0.12147
13.2	-0.13159
13.22	-0.23059
13.24	-0.38851
13.26	-0.5453
13.28	-0.58233
13.3	-0.51922
13.32	-0.39549
13.34	-0.18202
13.36	-0.00712
13.38	0.01817
13.4	-0.12247
13.42	-0.2702
13.44	-0.25725
13.46	-0.04035
13.48	0.28002
13.5	0.53484
13.52	0.56432
13.54	0.40008
13.56	0.21118
13.58	0.13496
13.6	0.08781
13.62	-0.133
13.64	-0.348
13.66	-0.41636
13.68	-0.26199
13.7	0.00188
13.72	0.19572
13.74	0.04863
13.76	-0.35981
13.78	-0.7042
13.8	-0.90294
13.82	-0.95047
13.84	-0.74692
13.86	-0.41139
13.88	-0.22757
13.9	-0.12734
13.92	-0.06642
13.94	-0.11999
13.96	-0.38928
13.98	-0.59425
14	-0.56696
14.02	-0.39155
14.04	-0.09696
14.06	0.20474
14.08	0.36113
14.1	0.4551
14.12	0.50053
14.14	0.47742
14.16	0.25421
14.18	-0.08156
14.2	-0.25836
14.22	-0.19031
14.24	0.02459
14.26	0.10537
14.28	0.06809
14.3	0.00985
14.32	0.05638
14.34	0.19051
14.36	0.29242
14.38	0.32281
14.4	0.28148
14.42	0.21254
14.44	0.14367
14.46	0.15547
14.48	0.21722
14.5	0.10752
14.52	-0.19478
14.54	-0.4891
14.56	-0.66907
14.58	-0.77464
14.6	-0.85046
14.62	-0.83229
14.64	-0.75998
14.66	-0.63632
14.68	-0.41853
14.7	-0.15524
14.72	0.07201
14.74	0.17925
14.76	0.21608
14.78	0.17593
14.8	0.1055
14.82	-0.04295
14.84	-0.18184
14.86	-0.16664
14.88	-0.05578
14.9	0.03792
14.92	0.00338
14.94	-0.11916
14.96	-0.20718
14.98	-0.12043
15	0.24144
15.02	0.57755
15.04	0.69899
15.06	0.68118
15.08	0.55159
15.1	0.4626
15.12	0.31005
15.14	-0.0342
15.16	-0.46167
15.18	-0.77893
15.2	-0.90871
15.22	-0.79659
15.24	-0.53588
15.26	-0.3001
15.28	-0.13656
15.3	-0.07309
15.32	-0.10502
15.34	-0.11166
15.36	-0.04962
15.38	0.07293
15.4	0.19387
15.42	0.32009
15.44	0.38424
15.46	0.27534
15.48	0.02972
15.5	-0.28607
15.52	-0.5276
15.54	-0.49757
15.56	-0.11173
15.58	0.307
15.6	0.67563
15.62	0.9586
15.64	1.05158
15.66	0.92906
15.68	0.61187
15.7	0.27775
15.72	0.00655
15.74	-0.13558
15.76	-0.23265
15.78	-0.29399
15.8	-0.25198
15.82	-0.16545
15.84	-0.08496
15.86	-0.09252
15.88	-0.17016
15.9	-0.1619
15.92	0.10585
15.94	0.39968
15.96	0.48088
15.98	0.335
16	0.17328
16.02	0.16483
16.04	0.25223
16.06	0.3769
16.08	0.41613
16.1	0.36643
16.12	0.19125
16.14	0.04943
16.16	0.05192
16.18	0.05688
16.2	-0.0224
16.22	-0.15559
16.24	-0.13976
16.26	0.012
16.28	0.07741
16.3	0.05455
16.32	0.08309
16.34	0.1932
16.36	0.31282
16.38	0.36707
16.4	0.36878
16.42	0.34466
16.44	0.29735
16.46	0.20847
16.48	0.14421
16.5	0.11595
16.52	0.01887
16.54	-0.11841
16.56	-0.23924
16.58	-0.23795
16.6	-0.06431
16.62	0.24456
16.64	0.41641
16.66	0.40228
16.68	0.09752
16.7	-0.25518
16.72	-0.43623
16.74	-0.40834
16.76	-0.19656
16.78	-0.03408
16.8	0.13347
16.82	0.19204
16.84	0.19389
16.86	0.08736
16.88	-0.11563
16.9	-0.47622
16.92	-0.74417
16.94	-0.77261
16.96	-0.51927
16.98	-0.04242
17	0.25835
17.02	0.29434
17.04	0.10189
17.06	0.00248
17.08	0.03175
17.1	0.10617
17.12	0.09802
17.14	-0.03797
17.16	-0.12005
17.18	-0.019
17.2	0.12391
17.22	0.13732
17.24	0.04618
17.26	-0.12332
17.28	-0.25611
17.3	-0.26622
17.32	-0.17806
17.34	-0.08573
17.36	-0.16924
17.38	-0.31875
17.4	-0.35873
17.42	-0.35154
17.44	-0.2185
17.46	-0.00629
17.48	0.14555
17.5	0.19604
17.52	0.09385
17.54	-0.13269
17.56	-0.37041
17.58	-0.5409
17.6	-0.58746
17.62	-0.53459
17.64	-0.33244
17.66	-0.0432
17.68	0.29421
17.7	0.55047
17.72	0.64303
17.74	0.587
17.76	0.28992
17.78	-0.0605
17.8	-0.26774
17.82	-0.31287
17.84	-0.33827
17.86	-0.4046
17.88	-0.45843
17.9	-0.36534
17.92	-0.06246
17.94	0.24324
17.96	0.40005
17.98	0.37538
18	0.28908
18.02	0.31391
18.04	0.53055
18.06	0.7808
18.08	0.82664
18.1	0.55953
18.12	0.09575
18.14	-0.38609
18.16	-0.75167
18.18	-0.91436
18.2	-0.82613
18.22	-0.53369
18.24	-0.31913
18.26	-0.17638
18.28	-0.00693
18.3	0.07046
18.32	0.07125
18.34	0.02638
18.36	-0.01113
18.38	-0.21841
18.4	-0.46989
18.42	-0.50688
18.44	-0.479
18.46	-0.50614
18.48	-0.61895
18.5	-0.68582
18.52	-0.68043
18.54	-0.51706
18.56	-0.19389
18.58	0.10366
18.6	0.27018
18.62	0.34292
18.64	0.35661
18.66	0.38465
18.68	0.44324
18.7	0.49368
18.72	0.45905
18.74	0.38711
18.76	0.36793
18.78	0.40079
18.8	0.42157
18.82	0.3441
18.84	0.16697
18.86	-0.04602
18.88	-0.18523
18.9	-0.17866
18.92	0.08799
18.94	0.49296
18.96	0.85701
18.98	1.04949
19	1.10863
19.02	1.1802
19.04	1.14915
19.06	1.00344
19.08	0.85913
19.1	0.48543
19.12	-0.03143
19.14	-0.28909
19.16	-0.14782
19.18	0.12956
19.2	0.23833
19.22	0.20939
19.24	0.15244
19.26	0.17214
19.28	0.23548
19.3	0.31346
19.32	0.35276
19.34	0.33424
19.36	0.39579
19.38	0.54062
19.4	0.65049
19.42	0.57292
19.44	0.15254
19.46	-0.31382
19.48	-0.63492
19.5	-0.87963
19.52	-0.99279
19.54	-1.00696
19.56	-0.98521
19.58	-0.95838
19.6	-0.88451
19.62	-0.83171
19.64	-0.82319
19.66	-0.78691
19.68	-0.79421
19.7	-0.81194
19.72	-0.90577
19.74	-1.01207
19.76	-1.02911
19.78	-0.7885
19.8	-0.32225
19.82	0.10621
19.84	0.41369
19.86	0.535
19.88	0.51563
19.9	0.36908
19.92	0.30753
19.94	0.30103
19.96	0.26341
19.98	0.23655
20	0.27579
20.02	0.37201
20.04	0.46822
20.06	0.46732
20.08	0.264
20.1	0.00579
20.12	-0.14635
20.14	-0.1523
20.16	0.08035
20.18	0.37217
20.2	0.42577
20.22	0.34644
20.24	0.30261
20.26	0.36934
20.28	0.45105
20.3	0.44426
20.32	0.2919
20.34	0.04395
20.36	-0.16691
20.38	-0.26108
20.4	-0.28986
20.42	-0.36394
20.44	-0.52014
20.46	-0.60864
20.48	-0.58039
20.5	-0.38641
20.52	-0.06346
20.54	0.12066
20.56	0.20555
20.58	0.33911
20.6	0.55189
20.62	0.674
20.64	0.47804
20.66	0.07637
20.68	-0.28173
20.7	-0.47341
20.72	-0.40423
20.74	-0.2022
20.76	-0.09982
20.78	-0.16953
20.8	-0.27055
20.82	-0.29603
20.84	-0.2593
20.86	-0.2672
20.88	-0.35405
20.9	-0.37271
20.92	-0.30996
20.94	-0.18224
20.96	0.00251
20.98	0.09737
21	0.15176
21.02	0.20001
21.04	0.21926
21.06	0.239
21.08	0.19928
21.1	0.08892
21.12	-0.07485
21.14	-0.11511
21.16	0.05085
21.18	0.15316
21.2	0.01909
21.22	-0.25303
21.24	-0.37501
21.26	-0.26308
21.28	-0.06224
21.3	0.04642
21.32	-0.09643
21.34	-0.32242
21.36	-0.41643
21.38	-0.26772
21.4	0.02606
21.42	0.22073
21.44	0.1661
21.46	-0.15805
21.48	-0.38453
21.5	-0.38902
21.52	-0.16117
21.54	0.19676
21.56	0.38587
21.58	0.41264
21.6	0.30372
21.62	0.08744
21.64	-0.06708
21.66	-0.04495
21.68	0.03176
21.7	0.04802
21.72	0.00747
21.74	0.0022
21.76	0.24914
21.78	0.59223
21.8	0.77307
21.82	0.80698
21.84	0.76067
21.86	0.51771
21.88	0.21546
21.9	0.09861
21.92	0.2032
21.94	0.46128
21.96	0.68649
21.98	0.80558
22	0.79538
22.02	0.59668
22.04	0.13983
22.06	-0.33205
22.08	-0.54176
22.1	-0.569
22.12	-0.42656
22.14	-0.22555
22.16	-0.12071
22.18	-0.14089
22.2	-0.25388
22.22	-0.30608
22.24	-0.20552
22.26	0.0692
22.28	0.26934
22.3	0.33719
22.32	0.33515
22.34	0.37117
22.36	0.55767
22.38	0.7346
22.4	0.73173
22.42	0.52259
22.44	0.25303
22.46	-0.06868
22.48	-0.32694
22.5	-0.36363
22.52	-0.26037
22.54	-0.13817
22.56	-0.03909
22.58	0.00344
22.6	-0.07506
22.62	-0.29641
22.64	-0.48203
22.66	-0.5489
22.68	-0.58767
22.7	-0.64784
22.72	-0.72954
22.74	-0.78093
22.76	-0.85924
22.78	-0.93811
22.8	-0.95701
22.82	-0.86316
22.84	-0.6465
22.86	-0.5264
22.88	-0.48527
22.9	-0.50555
22.92	-0.54752
22.94	-0.57945
22.96	-0.63383
22.98	-0.61261
23	-0.36412
23.02	-0.02839
23.04	0.13325
23.06	0.22264
23.08	0.36191
23.1	0.5875
23.12	0.85247
23.14	1.24739
23.16	1.48234
23.18	1.4531
23.2	1.09634
23.22	0.61508
23.24	0.33967
23.26	0.28548
23.28	0.28257
23.3	0.18577
23.32	0.1078
23.34	0.23161
23.36	0.5476
23.38	0.7145
23.4	0.85685
23.42	0.95907
23.44	0.90289
23.46	0.68926
23.48	0.44109
23.5	0.23457
23.52	0.11017
23.54	0.11062
23.56	0.22745
23.58	0.33013
23.6	0.44102
23.62	0.34115
23.64	-0.00056
23.66	-0.28914
23.68	-0.51802
23.7	-0.70778
23.72	-0.96437
23.74	-1.09392
23.76	-1.00338
23.78	-0.50992
23.8	0.06464
23.82	0.37156
23.84	0.37002
23.86	-0.00129
23.88	-0.37271
23.9	-0.49352
23.92	-0.42278
23.94	-0.30607
23.96	-0.24787
23.98	-0.30757
24	-0.41151
24.02	-0.61375
24.04	-0.87042
24.06	-1.10879
24.08	-1.2215
24.1	-1.18827
24.12	-1.02524
24.14	-0.88974
24.16	-0.78153
24.18	-0.66699
24.2	-0.54695
24.22	-0.30537
24.24	-0.09378
24.26	-0.0238
24.28	-0.06382
24.3	-0.09672
24.32	-0.08661
24.34	0.08438
24.36	0.39511
24.38	0.72967
24.4	0.9674
24.42	0.96727
24.44	0.5562
24.46	0.13796
24.48	-0.02511
24.5	0.02171
24.52	0.21797
24.54	0.31617
24.56	0.41065
24.58	0.42896
24.6	0.48008
24.62	0.67481
24.64	0.8823
24.66	1.03227
24.68	1.05771
24.7	0.99838
24.72	0.90078
24.74	0.80329
24.76	0.77866
24.78	0.64948
24.8	0.19172
24.82	-0.28219
24.84	-0.56149
24.86	-0.53693
24.88	-0.25382
24.9	0.05694
24.92	0.24202
24.94	0.26112
24.96	0.16251
24.98	0.00397
25	-0.07845
25.02	-0.17522
25.04	-0.25357
25.06	-0.33826
25.08	-0.40434
25.1	-0.27579
25.12	-0.17329
25.14	-0.2618
25.16	-0.5156
25.18	-0.83598
25.2	-1.15696
25.22	-1.47805
25.24	-1.67837
25.26	-1.74365
25.28	-1.59698
25.3	-1.11015
25.32	-0.53826
25.34	0.00114
25.36	0.49433
25.38	0.75087
25.4	0.62415
25.42	0.06022
25.44	-0.51736
25.46	-0.91884
25.48	-1.11605
25.5	-1.16695
25.52	-1.06363
25.54	-0.92804
25.56	-0.91426
25.58	-0.8484
25.6	-0.56741
25.62	-0.12729
25.64	0.2097
25.66	0.38511
25.68	0.42505
25.7	0.41925
25.72	0.28784
25.74	0.18688
25.76	0.19596
25.78	0.22963
25.8	0.30331
25.82	0.5347
25.84	0.7843
25.86	0.90428
25.88	0.86859
25.9	0.80641
25.92	0.79541
25.94	0.75819
25.96	0.98121
25.98	1.10935
26	1.14037
26.02	1.23617
26.04	1.29252
26.06	1.22111
26.08	0.92235
26.1	0.54313
26.12	0.23293
26.14	-0.01997
26.16	-0.2868
26.18	-0.52892
26.2	-0.79443
26.22	-1.14635
26.24	-1.45538
26.26	-1.57103
26.28	-1.4743
26.3	-1.02407
26.32	-0.46575
26.34	-0.19105
26.36	-0.22532
26.38	-0.57825
26.4	-1.08363
26.42	-1.5213
26.44	-1.88535
26.46	-2.18601
26.48	-2.41693
26.5	-2.50194
26.52	-2.10274
26.54	-1.327
26.56	-0.39538
26.58	0.52813
26.6	1.21276
26.62	1.66523
26.64	1.84395
26.66	1.75926
26.68	1.53973
26.7	1.29745
26.72	1.08816
26.74	1.02275
26.76	1.14184
26.78	1.41633
26.8	1.68459
26.82	1.86191
26.84	1.90693
26.86	1.8292
26.88	1.67265
26.9	1.57479
26.92	1.41858
26.94	1.1655
26.96	0.93327
26.98	0.68353
27	0.51317
27.02	0.44054
27.04	0.39552
27.06	0.37652
27.08	0.31144
27.1	0.188
27.12	0.01073
27.14	-0.11519
27.16	-0.19285
27.18	-0.30711
27.2	-0.37004
27.22	-0.36177
27.24	-0.28129
27.26	-0.24562
27.28	-0.17648
27.3	-0.1465
27.32	-0.23276
27.34	-0.36394
27.36	-0.3565
27.38	-0.08288
27.4	0.22709
27.42	0.36594
27.44	0.38205
27.46	0.40778
27.48	0.38752
27.5	0.29702
27.52	0.22465
27.54	0.2124
27.56	0.22586
27.58	0.16785
27.6	0.07431
27.62	0.06314
27.64	0.10372
27.66	0.1031
27.68	-0.03556
27.7	-0.29455
27.72	-0.51487
27.74	-0.70625
27.76	-0.88362
27.78	-1.0515
27.8	-1.26289
27.82	-1.43301
27.84	-1.48893
27.86	-1.47914
27.88	-1.43482
27.9	-1.40747
27.92	-1.2322
27.94	-0.85671
27.96	-0.42125
27.98	-0.08569
28	0.06095
28.02	-0.00571
28.04	-0.25628
28.06	-0.36728
28.08	-0.4058
28.1	-0.2357
28.12	0.18346
28.14	0.69057
28.16	1.14984
28.18	1.57314
28.2	1.94036
28.22	2.09918
28.24	2.06911
28.26	1.83274
28.28	1.48747
28.3	1.19132
28.32	0.98795
28.34	0.83965
28.36	0.65148
28.38	0.3877
28.4	0.04884
28.42	-0.32392
28.44	-0.68047
28.46	-0.99708
28.48	-1.18761
28.5	-1.26856
28.52	-1.29196
28.54	-1.41017
28.56	-1.55921
28.58	-1.61982
28.6	-1.65506
28.62	-1.6997
28.64	-1.71883
28.66	-1.68205
28.68	-1.5312
28.7	-1.22858
28.72	-0.93756
28.74	-0.6486
28.76	-0.32946
28.78	0.01422
28.8	0.31844
28.82	0.59653
28.84	0.76674
28.86	0.77566
28.88	0.78563
28.9	0.85002
28.92	0.98042
28.94	1.08226
28.96	1.09924
28.98	1.03987
29	0.85051
29.02	0.63415
29.04	0.48524
29.06	0.402
29.08	0.26414
29.1	0.0918
29.12	-0.06173
29.14	-0.1996
29.16	-0.31664
29.18	-0.49683
29.2	-0.63643
29.22	-0.82774
29.24	-1.01025
29.26	-1.09225
29.28	-1.16237
29.3	-1.20019
29.32	-1.21161
29.34	-1.08258
29.36	-0.72799
29.38	-0.27921
29.4	0.16072
29.42	0.46876
29.44	0.57686
29.46	0.59375
29.48	0.63579
29.5	0.78385
29.52	0.96604
29.54	1.16372
29.56	1.34743
29.58	1.42077
29.6	1.40186
29.62	1.32703
29.64	1.29118
29.66	1.30611
29.68	1.33945
29.7	1.33618
29.72	1.27356
29.74	1.07872
29.76	0.70926
29.78	0.27539
29.8	-0.07407
29.82	-0.23021
29.84	-0.22352
29.86	-0.06535
29.88	0.16173
29.9	0.25919
29.92	0.22073
29.94	0.12954
29.96	0.04065
29.98	-0.05551
30	-0.12865
30.02	-0.1641
30.04	-0.18109
30.06	-0.14758
30.08	-0.09177
30.1	0.0339
30.12	0.18701
30.14	0.34264
30.16	0.4545
30.18	0.47286
30.2	0.43096
30.22	0.36321
30.24	0.25106
30.26	0.08176
30.28	-0.10978
30.3	-0.3328
30.32	-0.51699
30.34	-0.67237
30.36	-0.80098
30.38	-0.91199
30.4	-0.98159
30.42	-1.00489
30.44	-0.99662
30.46	-0.88873
30.48	-0.7461
30.5	-0.61651
30.52	-0.51253
30.54	-0.43394
30.56	-0.35308
30.58	-0.25648
30.6	-0.16065
30.62	-0.13927
30.64	-0.15361
30.66	-0.10104
30.68	-0.01296
30.7	0.05574
30.72	0.08918
30.74	0.1036
30.76	0.12446
30.78	0.14343
30.8	0.15173
30.82	0.14621
30.84	0.07482
30.86	-0.07574
30.88	-0.19822
30.9	-0.23523
30.92	-0.15911
30.94	-0.07203
30.96	-0.0274
30.98	-0.02192
31	-0.03228
31.02	-0.03725
31.04	-0.06573
31.06	-0.17333
31.08	-0.39107
31.1	-0.59145
31.12	-0.67917
31.14	-0.67726
31.16	-0.64313
31.18	-0.60025
31.2	-0.53466
31.22	-0.52297
31.24	-0.50253
31.26	-0.40951
31.28	-0.24411
31.3	-0.03348
31.32	0.13135
31.34	0.26295
31.36	0.3226
31.38	0.38242
31.4	0.45277
31.42	0.51705
31.44	0.55703
31.46	0.52453
31.48	0.3942
31.5	0.21618
31.52	0.0593
31.54	-0.08123
31.56	-0.16809
31.58	-0.26963
31.6	-0.38702
31.62	-0.50332
31.64	-0.64718
31.66	-0.76683
31.68	-0.84561
31.7	-0.85478
31.72	-0.71621
31.74	-0.54536
31.76	-0.44999
31.78	-0.40077
31.8	-0.37615
31.82	-0.33409
31.84	-0.25292
31.86	-0.13632
31.88	-0.02968
31.9	0.0512
31.92	0.09638
31.94	0.12379
31.96	0.22604
31.98	0.43253
32	0.58575
32.02	0.63839
32.04	0.62613
32.06	0.55527
32.08	0.49832
32.1	0.46288
32.12	0.41462
32.14	0.34911
32.16	0.31945
32.18	0.33175
32.2	0.38441
32.22	0.41434
32.24	0.3487
32.26	0.22125
32.28	0.10803
32.3	0.06444
32.32	0.12202
32.34	0.20867
32.36	0.22533
32.38	0.16982
32.4	0.08755
32.42	-0.00423
32.44	-0.10401
32.46	-0.21237
32.48	-0.29796
32.5	-0.32405
32.52	-0.29948
32.54	-0.25019
32.56	-0.21297
32.58	-0.21112
32.6	-0.22946
32.62	-0.23475
32.64	-0.23149
32.66	-0.22328
32.68	-0.23352
32.7	-0.22432
32.72	-0.11415
32.74	0.08713
32.76	0.26491
32.78	0.35581
32.8	0.45484
32.82	0.56542
32.84	0.62825
32.86	0.6407
32.88	0.58435
32.9	0.50519
32.92	0.43778
32.94	0.39736
32.96	0.39148
32.98	0.36711
33	0.33894
33.02	0.30846
33.04	0.28162
33.06	0.26298
33.08	0.22028
33.1	0.16024
33.12	0.05726
33.14	-0.06381
33.16	-0.16721
33.18	-0.29242
33.2	-0.37989
33.22	-0.44923
33.24	-0.52859
33.26	-0.58446
33.28	-0.62502
33.3	-0.64265
33.32	-0.64411
33.34	-0.65837
33.36	-0.69007
33.38	-0.73112
33.4	-0.76482
33.42	-0.74287
33.44	-0.61757
33.46	-0.33381
33.48	-0.06609
33.5	0.05312
33.52	0.04172
33.54	-0.03172
33.56	-0.06104
33.58	-0.0401
33.6	0.0199
33.62	0.12122
33.64	0.19274
33.66	0.28978
33.68	0.44408
33.7	0.66263
33.72	0.9137
33.74	1.00443
33.76	1.00702
33.78	0.99685
33.8	0.9513
33.82	0.79337
33.84	0.52746
33.86	0.27912
33.88	0.11607
33.9	0.04758
33.92	0.15795
33.94	0.37601
33.96	0.48292
33.98	0.42797
34	0.31062
34.02	0.20649
34.04	0.15976
34.06	0.16414
34.08	0.13548
34.1	0.12759
34.12	0.13839
34.14	0.18958
34.16	0.25313
34.18	0.26434
34.2	0.17893
34.22	0.06006
34.24	0.01531
34.26	0.01379
34.28	0.04566
34.3	0.12134
34.32	0.18053
34.34	0.19842
34.36	0.18952
34.38	0.13962
34.4	0.08673
34.42	0.08498
34.44	0.09863
34.46	0.04932
34.48	-0.03281
34.5	-0.08713
34.52	-0.09673
34.54	-0.12526
34.56	-0.18523
34.58	-0.22451
34.6	-0.24095
34.62	-0.28379
34.64	-0.32077
34.66	-0.31444
34.68	-0.28048
34.7	-0.27053
34.72	-0.31007
34.74	-0.33849
34.76	-0.33806
34.78	-0.31975
34.8	-0.2972
34.82	-0.25458
34.84	-0.2345
34.86	-0.20314
34.88	-0.1392
34.9	-0.09094
34.92	-0.07568
34.94	-0.11568
34.96	-0.15958
34.98	-0.20584
35	-0.20009
35.02	-0.16236
35.04	-0.09985
35.06	-0.02322
35.08	0.03577
35.1	0.03626
35.12	-0.05732
35.14	-0.15374
35.16	-0.24194
35.18	-0.30608
35.2	-0.32067
35.22	-0.29362
35.24	-0.19428
35.26	-0.06523
35.28	0.03421
35.3	0.10495
35.32	0.12154
35.34	0.08132
35.36	-0.02707
35.38	-0.1479
35.4	-0.24529
35.42	-0.27191
35.44	-0.22361
35.46	-0.09226
35.48	0.07345
35.5	0.17438
35.52	0.21497
35.54	0.17785
35.56	0.07138
35.58	-0.11848
35.6	-0.28955
35.62	-0.41631
35.64	-0.48573
35.66	-0.44923
35.68	-0.36196
35.7	-0.27099
35.72	-0.22882
35.74	-0.17861
35.76	-0.11571
35.78	-0.07079
35.8	-0.00425
35.82	0.04447
35.84	0.06333
35.86	0.03409
35.88	0.01573
35.9	0.0821
35.92	0.16868
35.94	0.22543
35.96	0.19827
35.98	0.06922
36	-0.05927
36.02	-0.15934
36.04	-0.19565
36.06	-0.14027
36.08	-0.05589
36.1	-0.0016
36.12	0.00702
36.14	0.00228
36.16	0.00591
36.18	0.00055
36.2	0.01906
36.22	0.0567
36.24	0.06251
36.26	0.04453
36.28	0.0078
36.3	-0.00567
36.32	0.00844
36.34	0.0622
36.36	0.12696
36.38	0.17361
36.4	0.18128
36.42	0.1296
36.44	0.0922
36.46	0.14097
36.48	0.22309
36.5	0.28383
36.52	0.25245
36.54	0.15567
36.56	0.09876
36.58	0.12362
36.6	0.21816
36.62	0.2784
36.64	0.26476
36.66	0.22443
36.68	0.21113
36.7	0.22143
36.72	0.22781
36.74	0.20509
36.76	0.20701
36.78	0.25418
36.8	0.29833
36.82	0.32064
36.84	0.32157
36.86	0.26291
36.88	0.14245
36.9	0.03854
36.92	-0.02201
36.94	-0.05924
36.96	-0.06467
36.98	-0.05798
37	-0.01435
37.02	0.02658
37.04	0.04297
37.06	0.04073
37.08	0.00823
37.1	0.00047
37.12	-0.0033
37.14	0.00213
37.16	-0.00094
37.18	-0.02887
37.2	-0.07812
37.22	-0.08786
37.24	-0.07377
37.26	-0.00478
37.28	0.07485
37.3	0.08804
37.32	0.09498
37.34	0.08821
37.36	0.06557
37.38	0.01805
37.4	-0.05115
37.42	-0.13321
37.44	-0.18245
37.46	-0.22907
37.48	-0.24011
37.5	-0.19393
37.52	-0.1132
37.54	-0.01865
37.56	0.06803
37.58	0.13541
37.6	0.0926
37.62	-0.03582
37.64	-0.16371
37.66	-0.22893
37.68	-0.29278
37.7	-0.32494
37.72	-0.28289
37.74	-0.20555
37.76	-0.10806
37.78	-0.04964
37.8	-0.01511
37.82	-0.01996
37.84	-0.02289
37.86	-0.02888
37.88	-0.0551
37.9	-0.07984
37.92	-0.10142
37.94	-0.10824
37.96	-0.10006
37.98	-0.05361
38	0.01984
38.02	0.02533
38.04	-0.04317
38.06	-0.12899
38.08	-0.16906
38.1	-0.12354
38.12	-0.03032
38.14	0.05797
38.16	0.10956
38.18	0.1465
38.2	0.15734
38.22	0.14712
38.24	0.15366
38.26	0.12601
38.28	0.04924
38.3	-0.03311
38.32	-0.07299
38.34	-0.05435
38.36	-0.00842
38.38	0.02931
38.4	0.04196
38.42	0.0266
38.44	0.01981
38.46	0.04147
38.48	0.0517
38.5	0.08136
38.52	0.10033
38.54	0.10878
38.56	0.10461
38.58	0.10026
38.6	0.12085
38.62	0.11712
38.64	0.09321
38.66	0.10142
38.68	0.10782
38.7	0.10183
38.72	0.09885
38.74	0.11002
38.76	0.13177
38.78	0.14663
38.8	0.14976
38.82	0.13191
38.84	0.15226
38.86	0.15951
38.88	0.14323
38.9	0.13419
38.92	0.09693
38.94	-0.00533
38.96	-0.13767
38.98	-0.22535
39	-0.28944
39.02	-0.34845
39.04	-0.42197
39.06	-0.44264
39.08	-0.397
39.1	-0.33865
39.12	-0.2917
39.14	-0.25517
39.16	-0.22808
39.18	-0.19638
39.2	-0.15698
39.22	-0.1245
39.24	-0.07583
39.26	-0.00691
39.28	0.04286
39.3	0.04205
39.32	0.03533
39.34	0.03743
39.36	0.05721
39.38	0.09227
39.4	0.11229
39.42	0.08744
39.44	0.02654
39.46	-0.00122
39.48	-0.00589
39.5	0.01061
39.52	0.03954
39.54	0.05042
39.56	0.07313
39.58	0.10968
39.6	0.14521
39.62	0.16049
39.64	0.10955
39.66	0.01753
39.68	-0.06774
39.7	-0.09526
39.72	-0.01665
39.74	0.09665
39.76	0.20973
39.78	0.24446
39.8	0.20585
39.82	0.14358
39.84	0.07638
39.86	0.03807
39.88	-0.00609
39.9	-0.03916
39.92	-0.05639
39.94	-0.04719
39.96	0.0071
39.98	0.07908
40	0.12446
40.02	0.09628
40.04	0.05518
40.06	0.05023
40.08	0.02903
40.1	0.01788
40.12	0.00788
40.14	0.0049
40.16	0.02359
40.18	-0.0012
40.2	-0.04338
40.22	-0.06942
40.24	-0.10223
40.26	-0.13406
40.28	-0.17879
40.3	-0.21428
40.32	-0.22425
40.34	-0.24361
40.36	-0.23584
40.38	-0.2245
40.4	-0.2151
40.42	-0.18049
40.44	-0.15118
40.46	-0.12198
40.48	-0.12389
40.5	-0.13552
40.52	-0.15983
40.54	-0.20159
40.56	-0.22156
40.58	-0.23297
40.6	-0.22728
40.62	-0.2135
40.64	-0.1846
40.66	-0.10578
40.68	0.02091
40.7	0.14802
40.72	0.21148
40.74	0.23035
40.76	0.21911
40.78	0.18153
40.8	0.13462
40.82	0.11946
40.84	0.12477
40.86	0.11641
40.88	0.06713
40.9	-0.00086
40.92	-0.03297
40.94	-0.00768
40.96	0.04502
40.98	0.12497
41	0.20798
41.02	0.24885
41.04	0.28447
41.06	0.32736
41.08	0.32594
41.1	0.28709
41.12	0.1998
41.14	0.10367
41.16	0.06148
41.18	0.02531
41.2	0.01712
41.22	0.02856
41.24	0.04934
41.26	0.04992
41.28	0.05238
41.3	0.06099
41.32	0.03383
41.34	-0.03391
41.36	-0.09955
41.38	-0.13766
41.4	-0.15993
41.42	-0.18016
41.44	-0.18963
41.46	-0.16481
41.48	-0.10926
41.5	-0.03974
41.52	0.01944
41.54	0.02659
41.56	0.0034
41.58	-0.01871
41.6	-0.03579
41.62	-0.05999
41.64	-0.12001
41.66	-0.22687
41.68	-0.33948
41.7	-0.38837
41.72	-0.38345
41.74	-0.34604
41.76	-0.30054
41.78	-0.2184
41.8	-0.10596
41.82	0.00667
41.84	0.08595
41.86	0.11356
41.88	0.11117
41.9	0.08158
41.92	0.03033
41.94	-0.01891
41.96	-0.10583
41.98	-0.20646
42	-0.26571
42.02	-0.27831
42.04	-0.2433
42.06	-0.17059
42.08	-0.0591
42.1	0.03516
42.12	0.10803
42.14	0.14337
42.16	0.13031
42.18	0.04707
42.2	-0.07129
42.22	-0.13292
42.24	-0.13701
42.26	-0.14153
42.28	-0.17389
42.3	-0.2069
42.32	-0.22398
42.34	-0.22161
42.36	-0.19124
42.38	-0.10704
42.4	-0.01973
42.42	0.05365
42.44	0.11028
42.46	0.17601
42.48	0.25407
42.5	0.32279
42.52	0.3747
42.54	0.3833
42.56	0.39426
42.58	0.3984
42.6	0.40056
42.62	0.4002
42.64	0.37965
42.66	0.3383
42.68	0.28514
42.7	0.23784
42.72	0.2319
42.74	0.22633
42.76	0.19446
42.78	0.15096
42.8	0.09097
42.82	0.03412
42.84	-0.00759
42.86	-0.03373
42.88	-0.05511
42.9	-0.05074
42.92	-0.04828
42.94	-0.08619
42.96	-0.13689
42.98	-0.17071
43	-0.20881
43.02	-0.27082
43.04	-0.36033
43.06	-0.41865
43.08	-0.42857
43.1	-0.39183
43.12	-0.34056
43.14	-0.30527
43.16	-0.28566
43.18	-0.2781
43.2	-0.25265
43.22	-0.18768
43.24	-0.10161
43.26	-0.04597
43.28	-0.01004
43.3	0.00919
43.32	0.0283
43.34	0.05269
43.36	0.05691
43.38	0.03541
43.4	0.02753
43.42	0.05106
43.44	0.13298
43.46	0.2696
43.48	0.3688
43.5	0.45618
43.52	0.50036
43.54	0.47876
43.56	0.45962
43.58	0.42685
43.6	0.40422
43.62	0.33402
43.64	0.2575
43.66	0.22182
43.68	0.2031
43.7	0.19113
43.72	0.16793
43.74	0.17163
43.76	0.17029
43.78	0.17826
43.8	0.20387
43.82	0.23283
43.84	0.27637
43.86	0.28467
43.88	0.29666
43.9	0.311
43.92	0.29258
43.94	0.28044
43.96	0.25105
43.98	0.19316
44	0.12429
44.02	0.02269
44.04	-0.08579
44.06	-0.13053
44.08	-0.1229
44.1	-0.10192
44.12	-0.08337
44.14	-0.09834
44.16	-0.11603
44.18	-0.14672
44.2	-0.17022
44.22	-0.14562
44.24	-0.09989
44.26	-0.04853
44.28	0.0086
44.3	0.07992
44.32	0.12788
44.34	0.15165
44.36	0.13056
44.38	0.06466
44.4	-0.04544
44.42	-0.14481
44.44	-0.21419
44.46	-0.24228
44.48	-0.26647
44.5	-0.33663
44.52	-0.41889
44.54	-0.48077
44.56	-0.4733
44.58	-0.43669
44.6	-0.3993
44.62	-0.36821
44.64	-0.32058
44.66	-0.22389
44.68	-0.08052
44.7	0.03439
44.72	0.10584
44.74	0.15283
44.76	0.17967
44.78	0.16194
44.8	0.10679
44.82	0.05027
44.84	-0.00203
44.86	-0.01653
44.88	0.03715
44.9	0.12081
44.92	0.20445
44.94	0.24719
44.96	0.2598
44.98	0.28088
45	0.33041
45.02	0.37032
45.04	0.347
45.06	0.25723
45.08	0.0946
45.1	0.00272
45.12	-0.10733
45.14	-0.20609
45.16	-0.2678
45.18	-0.33736
45.2	-0.39569
45.22	-0.44413
45.24	-0.42887
45.26	-0.36106
45.28	-0.24814
45.3	-0.14669
45.32	-0.07295
45.34	-0.0099
45.36	0.05099
45.38	0.08898
45.4	0.08804
45.42	0.03744
45.44	-0.06743
45.46	-0.17687
45.48	-0.22893
45.5	-0.20559
45.52	-0.14407
45.54	-0.08497
45.56	-0.02465
45.58	0.0012
45.6	-0.00222
45.62	-0.0203
45.64	-0.05564
45.66	-0.08058
45.68	-0.1271
45.7	-0.17802
45.72	-0.20944
45.74	-0.23571
45.76	-0.25331
45.78	-0.2672
45.8	-0.2918
45.82	-0.33163
45.84	-0.37465
45.86	-0.39709
45.88	-0.39329
45.9	-0.34934
45.92	-0.27726
45.94	-0.18917
45.96	-0.08388
45.98	-0.01222
46	0.04814
46.02	0.08928
46.04	0.1096
46.06	0.10439
46.08	0.07176
46.1	0.04363
46.12	0.02236
46.14	0.01092
46.16	0.03479
46.18	0.07905
46.2	0.13658
46.22	0.19084
46.24	0.22231
46.26	0.24984
46.28	0.24093
46.3	0.22468
46.32	0.19379
46.34	0.16518
46.36	0.13203
46.38	0.11314
46.4	0.11708
46.42	0.11354
46.44	0.11999
46.46	0.1295
46.48	0.14479
46.5	0.14426
46.52	0.14714
46.54	0.1436
46.56	0.1248
46.58	0.10823
46.6	0.09333
46.62	0.1027
46.64	0.13452
46.66	0.19647
46.68	0.24953
46.7	0.29013
46.72	0.32043
46.74	0.33804
46.76	0.32972
46.78	0.2686
46.8	0.1909
46.82	0.11467
46.84	0.08743
46.86	0.06797
46.88	0.04978
46.9	0.02828
46.92	0.00297
46.94	-0.02527
46.96	-0.06373
46.98	-0.07959
47	-0.07697
47.02	-0.0961
47.04	-0.10501
47.06	-0.07734
47.08	-0.05883
47.1	-0.03595
47.12	-0.01859
47.14	0.023
47.16	0.06181
47.18	0.08252
47.2	0.08924
47.22	0.07951
47.24	0.08103
47.26	0.10937
47.28	0.10677
47.3	0.08999
47.32	0.05659
47.34	0.03257
47.36	0.03283
47.38	0.03316
47.4	0.0631
47.42	0.08815
47.44	0.11838
47.46	0.12278
47.48	0.14415
47.5	0.15643
47.52	0.1531
47.54	0.12582
47.56	0.08486
47.58	0.05636
47.6	0.03253
47.62	0.02003
47.64	0.02627
47.66	0.04909
47.68	0.05019
47.7	0.04328
47.72	0.02416
47.74	0.0164
47.76	0.01004
47.78	-0.02415
47.8	-0.08335
47.82	-0.14736
47.84	-0.20726
47.86	-0.24992
47.88	-0.2887
47.9	-0.3098
47.92	-0.3089
47.94	-0.30184
47.96	-0.29042
47.98	-0.2768
48	-0.23367
48.02	-0.19177
48.04	-0.16381
48.06	-0.13658
48.08	-0.11914
48.1	-0.09269
48.12	-0.04872
48.14	0.00326
48.16	0.06104
48.18	0.09109
48.2	0.11324
48.22	0.11731
48.24	0.11196
48.26	0.09552
48.28	0.05453
48.3	0.02888
48.32	-0.00298
48.34	-0.04014
48.36	-0.07535
48.38	-0.10834
48.4	-0.1285
48.42	-0.13517
48.44	-0.14389
48.46	-0.14484
48.48	-0.13828
48.5	-0.12664
48.52	-0.12164
48.54	-0.13883
48.56	-0.1383
48.58	-0.1463
48.6	-0.14777
48.62	-0.13073
48.64	-0.10588
48.66	-0.06558
48.68	-0.04836
48.7	-0.02109
48.72	-0.00133
48.74	0.0146
48.76	0.01416
48.78	0.00208
48.8	0.0067
48.82	0.00328
48.84	0.00964
48.86	-0.00929
48.88	-0.02175
48.9	-0.01848
48.92	-0.03399
48.94	-0.04762
48.96	-0.06269
48.98	-0.089
49	-0.10376
49.02	-0.12282
49.04	-0.12014
49.06	-0.0867
49.08	-0.03632
49.1	0.00152
49.12	0.01102
49.14	0.01231
49.16	0.01293
49.18	0.01417
49.2	0.01587
49.22	0.01502
49.24	0.02382
49.26	0.05764
49.28	0.09494
49.3	0.13663
49.32	0.18421
49.34	0.2133
49.36	0.2328
49.38	0.23635
49.4	0.24097
49.42	0.23812
49.44	0.23537
49.46	0.23899
49.48	0.23212
49.5	0.23622
49.52	0.22094
49.54	0.19795
49.56	0.15741
49.58	0.11607
49.6	0.09132
49.62	0.06037
49.64	0.0214
49.66	-0.00786
49.68	-0.03655
49.7	-0.07445
49.72	-0.09113
49.74	-0.09695
49.76	-0.07832
49.78	-0.04689
49.8	-0.0161
49.82	-0.00426
49.84	-0.01812
49.86	-0.04882
49.88	-0.09287
49.9	-0.12158
49.92	-0.14041
49.94	-0.14371
49.96	-0.13407
49.98	-0.10508
50	-0.07985
50.02	-0.05852
50.04	-0.0547
50.06	-0.04674
50.08	-0.04348
50.1	-0.04467
50.12	-0.0495
50.14	-0.05254
50.16	-0.02307
50.18	-0.00307
50.2	0.00682
50.22	0.0277
50.24	0.01927
50.26	-0.00925
50.28	-0.04946
50.3	-0.08536
50.32	-0.10617
50.34	-0.1111
50.36	-0.0905
50.38	-0.07594
50.4	-0.05862
50.42	-0.04558
50.44	-0.03108
50.46	-0.02343
50.48	-0.01393
50.5	-0.00357
50.52	0.00721
50.54	0.03705
50.56	0.07875
50.58	0.10462
50.6	0.09894
50.62	0.06443
50.64	0.02115
50.66	0.00471
50.68	-0.00076
50.7	0.00876
50.72	0.00852
50.74	0.01151
50.76	0.00221
50.78	-0.01648
50.8	-0.02052
50.82	-0.03633
50.84	-0.04488
50.86	-0.04554
50.88	-0.04669
50.9	-0.05429
50.92	-0.04634
50.94	-0.03031
50.96	-0.00737
50.98	0.00838
51	0.01728
51.02	0.02288
51.04	0.01675
51.06	0.02056
51.08	0.01431
51.1	0.02867
51.12	0.02032
51.14	0.02487
51.16	0.06086
51.18	0.08274
51.2	0.11188
51.22	0.12365
51.24	0.13353
51.26	0.12008
51.28	0.09312
51.3	0.07456
51.32	0.05689
51.34	0.02529
51.36	-0.00026
51.38	-0.00668
51.4	-0.00628
51.42	-0.00923
51.44	0.00235
51.46	0.0047
51.48	-0.00025
51.5	0.01448
51.52	0.02114
51.54	0.01433
51.56	-0.01133
51.58	-0.03421
51.6	-0.05916
51.62	-0.05743
51.64	-0.06144
51.66	-0.05891
51.68	-0.03874
51.7	-0.03047
51.72	-0.00727
51.74	0.01288
51.76	0.01998
51.78	0.03716
51.8	0.05122
51.82	0.04799
51.84	0.0607
51.86	0.07303
51.88	0.07244
51.9	0.07496
51.92	0.07529
51.94	0.07196
51.96	0.07293
51.98	0.05133
52	0.04151
52.02	0.02366
52.04	0.01108
52.06	0.01697
52.08	0.01162
52.1	0.0287
52.12	0.04564
52.14	0.06437
52.16	0.08415
52.18	0.08088
52.2	0.06324
52.22	0.03526
52.24	0.02228
52.26	0.02122
52.28	0.00835
52.3	-0.00375
52.32	-0.00099
52.34	0.0035
52.36	0.00066
52.38	-0.01012
52.4	-0.01931
52.42	-0.02275
52.44	-0.03066
52.46	-0.02099
52.48	-0.02176
52.5	-0.02884
52.52	-0.03743
52.54	-0.0594
52.56	-0.05993
52.58	-0.06347
52.6	-0.06753
52.62	-0.06257
52.64	-0.05822
52.66	-0.02627
52.68	-0.00097
52.7	-0.01126
52.72	-0.03393
52.74	-0.06213
52.76	-0.07645
52.78	-0.08739
52.8	-0.10201
52.82	-0.11776
52.84	-0.1217
52.86	-0.12201
52.88	-0.12263
52.9	-0.09878
52.92	-0.08293
52.94	-0.08743
52.96	-0.10472
52.98	-0.10598
53	-0.09002
53.02	-0.08219
53.04	-0.0827
53.06	-0.05805
53.08	-0.03016
53.1	0.00548
53.12	0.05405
53.14	0.08606
53.16	0.10844
53.18	0.08231
53.2	0.04401
53.22	0.01246
53.24	-0.00052
53.26	0.01684
53.28	0.0449
53.3	0.05922
53.32	0.05887
53.34	0.0605
53.36	0.06047
53.38	0.07316
53.4	0.0869
53.42	0.0852
53.44	0.0716
53.46	0.06526
53.48	0.06358
53.5	0.06595
53.52	0.05083
53.54	0.03238
53.56	0.02731
53.58	0.01388
53.6	0.00909
53.62	-0.00623
53.64	-0.0184
53.66	0.0057
53.68	0.01498
53.7	0.01194
53.72	0.00621
53.74	0.01086
53.76	0.03169
53.78	0.03517
53.8	0.03746
53.82	0.01395
53.84	0.00434
53.86	-0.01315
53.88	-0.01974
53.9	-0.01433
53.92	-0.01919
53.94	-0.01673
53.96	-0.01712
53.98	-0.01586
54	-0.01505
54.02	-0.02036
54.04	-0.01673
54.06	0.00708
54.08	0.01675
54.1	0.02439
54.12	0.00939
54.14	-0.01246
54.16	-0.01332
54.18	-0.0135
54.2	-0.01528
54.22	-0.01706
54.24	0.00349
54.26	0.03243
54.28	0.05031
54.3	0.07827
54.32	0.08689
54.34	0.08441
54.36	0.07652
54.38	0.06206
54.4	0.03295
54.42	-0.00219
54.44	-0.00889
54.46	-0.02461
54.48	-0.03862
54.5	-0.03642
54.52	-0.0485
54.54	-0.07351
54.56	-0.06574
54.58	-0.02948
54.6	-0.02413
54.62	-0.05211
54.64	-0.06536
54.66	-0.0652
54.68	-0.09102
54.7	-0.13567
54.72	-0.13454
54.74	-0.12685
54.76	-0.14048
54.78	-0.11408
54.8	-0.07194
54.82	-0.06589
54.84	-0.05915
54.86	-0.0399
54.88	-0.02855
54.9	-0.01476
54.92	-0.00222
54.94	0.03853
54.96	0.0566
54.98	0.07711
55	0.10265
55.02	0.10424
55.04	0.08675
55.06	0.05954
55.08	0.03403
55.1	0.01281
55.12	-0.00226
55.14	-0.00075
55.16	0.01568
55.18	0.02783
55.2	0.02947
55.22	0.02119
55.24	0.0218
55.26	0.02543
55.28	0.02544
55.3	0.02552
55.32	0.03828
55.34	0.05822
55.36	0.05133
55.38	0.02316
55.4	0.00923
55.42	0.00172
55.44	0.00154
55.46	0.00091
55.48	0.0016
55.5	0.0013
55.52	0.00104
55.54	0.01836
55.56	0.03984
55.58	0.0535
55.6	0.05192
55.62	0.02519
55.64	0.00363
55.66	0.02253
55.68	0.03463
55.7	0.02179
55.72	0.02384
55.74	0.02802
55.76	0.01172
55.78	0.00754
55.8	0.02091
55.82	0.03399
55.84	0.04606
55.86	0.04869
55.88	0.039
55.9	-0.00153
55.92	-0.04866
55.94	-0.09563
55.96	-0.12584
55.98	-0.14478
56	-0.14338
56.02	-0.09244
56.04	-0.04285
56.06	0.00315
56.08	0.0357
56.1	0.04439
56.12	0.01751
56.14	-0.03605
56.16	-0.07049
56.18	-0.11593
56.2	-0.16949
56.22	-0.18046
56.24	-0.15528
56.26	-0.12345
56.28	-0.10052
56.3	-0.0628
56.32	-0.02273
56.34	0.02106
56.36	0.05299
56.38	0.04653
56.4	0.01857
56.42	-0.0161
56.44	-0.02086
56.46	-0.00719
56.48	-0.0065
56.5	0.00414
56.52	0.00962
56.54	0.01914
56.56	0.03024
56.58	0.02611
56.6	0.04217
56.62	0.06417
56.64	0.07103
56.66	0.07194
56.68	0.056
56.7	0.0611
56.72	0.06849
56.74	0.04699
56.76	0.01788
56.78	-0.00386
56.8	-0.02441
56.82	-0.03753
56.84	-0.02923
56.86	-0.03457
56.88	-0.05512
56.9	-0.04411
56.92	-0.02611
56.94	-0.02763
56.96	-0.01151
56.98	-0.00118
57	0.02901
57.02	0.03418
57.04	0.03308
57.06	0.04726
57.08	0.03329
57.1	0.03435
57.12	0.03965
57.14	0.05545
57.16	0.08123
57.18	0.08903
57.2	0.08867
57.22	0.0993
57.24	0.10939
57.26	0.0989
57.28	0.08278
57.3	0.06721
57.32	0.06092
57.34	0.06423
57.36	0.05037
57.38	0.03493
57.4	0.01891
57.42	-0.00242
57.44	-0.02186
57.46	-0.02944
57.48	-0.05233
57.5	-0.06975
57.52	-0.06231
57.54	-0.04209
57.56	-0.01105
57.58	0.00023
57.6	-0.01474
57.62	-0.04677
57.64	-0.07653
57.66	-0.07453
57.68	-0.04239
57.7	-0.01725
57.72	0.01091
57.74	0.01978
57.76	0.0289
57.78	0.03445
57.8	0.02883
57.82	0.01105
57.84	-0.00498
57.86	-0.00582
57.88	0.01609
57.9	0.05726
57.92	0.08855
57.94	0.1077
57.96	0.09335
57.98	0.06576
58	0.05196
58.02	0.02192
58.04	-0.00356
58.06	-0.01678
58.08	-0.016
58.1	0.01283
58.12	0.02918
58.14	0.03108
58.16	0.01828
58.18	-0.00959
58.2	-0.04266
58.22	-0.05913
58.24	-0.06452
58.26	-0.03431
58.28	-0.00144
58.3	0.00147
58.32	0.00109
58.34	0.002
58.36	-0.00094
58.38	-0.01832
58.4	-0.03108
58.42	-0.04863
58.44	-0.05714
58.46	-0.05732
58.48	-0.05644
58.5	-0.05216
58.52	-0.05364
58.54	-0.05485
58.56	-0.05489
58.58	-0.04948
58.6	-0.03571
58.62	-0.05104
58.64	-0.07998
58.66	-0.08084
58.68	-0.05561
58.7	-0.02511
58.72	-0.00576
58.74	-0.0003
58.76	0.00373
58.78	0.00467
58.8	0.00608
58.82	0.01263
58.84	0.00686
58.86	0.00843
58.88	0.03014
58.9	0.03336
58.92	0.0345
58.94	0.03212
58.96	0.03922
58.98	0.05495
59	0.07629
59.02	0.08271
59.04	0.06343
59.06	0.04488
59.08	0.05157
59.1	0.06962
59.12	0.06424
59.14	0.06753
59.16	0.05332
59.18	0.04084
59.2	0.02911
59.22	0.01584
59.24	0.0177
59.26	0.01526
59.28	0.01562
59.3	0.01348
59.32	0.01305
59.34	0.00033
59.36	-0.01865
59.38	-0.01638
59.4	-0.03393
59.42	-0.04634
59.44	-0.05358
59.46	-0.06399
59.48	-0.05442
59.5	-0.04019
59.52	-0.03046
59.54	-0.04546
59.56	-0.06122
59.58	-0.07452
59.6	-0.09193
59.62	-0.08183
59.64	-0.07807
59.66	-0.05616
59.68	-0.04832
59.7	-0.03349
59.72	-0.00353
59.74	-0.01367
59.76	-0.02009
59.78	-0.03236
59.8	-0.02285
59.82	-0.01223
59.84	0.0254
59.86	0.03682
59.88	0.0122
59.9	0.01608
59.92	0.0117
59.94	0.03021
59.96	0.02856
59.98	0.01598
60	0.0205
60.02	0.00188
60.04	-0.02678
60.06	-0.03681
60.08	-0.03054
60.1	-0.02258
60.12	-0.01345
60.14	-0.00755
60.16	-0.01589
60.18	-0.03319
60.2	-0.01719
60.22	-0.01562
60.24	-0.03029
60.26	-0.0347
60.28	-0.0321
60.3	-0.04101
60.32	-0.04266
60.34	-0.04883
60.36	-0.05922
60.38	-0.05838
60.4	-0.05084
60.42	-0.0244
60.44	-0.00293
60.46	0.02632
60.48	0.04756
60.5	0.06457
60.52	0.07096
60.54	0.05241
60.56	0.06327
60.58	0.07861
60.6	0.0883
60.62	0.06942
60.64	0.06986
60.66	0.07791
60.68	0.02633
60.7	-0.05368
60.72	-0.12497
60.74	-0.14928
60.76	-0.13509
60.78	-0.09243
60.8	-0.05829
60.82	-0.03401
60.84	-0.00519
60.86	0.0452
60.88	0.05854
60.9	0.05578
60.92	0.06285
60.94	0.08827
60.96	0.11408
60.98	0.09237
61	0.08871
61.02	0.07651
61.04	0.05153
61.06	0.02407
61.08	0.00788
61.1	0.03096
61.12	0.04952
61.14	0.05654
61.16	0.06065
61.18	0.07433
61.2	0.09231
61.22	0.10148
61.24	0.10743
61.26	0.11774
61.28	0.10314
61.3	0.08512
61.32	0.04111
61.34	-0.0131
61.36	-0.05697
61.38	-0.07445
61.4	-0.05819
61.42	-0.03639
61.44	-0.02454
61.46	-0.02694
61.48	-0.02014
61.5	0.02149
61.52	0.04206
61.54	0.03189
61.56	0.02016
61.58	-0.00235
61.6	-0.01792
61.62	-0.02777
61.64	-0.04449
61.66	-0.04971
61.68	-0.06029
61.7	-0.07892
61.72	-0.04128
61.74	-0.00684
61.76	0.02079
61.78	0.02389
61.8	0.01884
61.82	0.03064
61.84	0.05274
61.86	0.0592
61.88	0.03871
61.9	0.01485
61.92	0.0037
61.94	0.02091
61.96	0.03407
61.98	0.02474
62	0.00703
62.02	-0.00531
62.04	-0.00971
62.06	0.00111
62.08	0.00094
62.1	0.00527
62.12	-0.00441
62.14	-0.02547
62.16	-0.02598
62.18	-0.02342
62.2	-0.00234
62.22	0.00101
62.24	-0.01875
62.26	-0.04342
62.28	-0.07928
62.3	-0.10274
62.32	-0.11031
62.34	-0.10181
62.36	-0.08241
62.38	-0.04547
62.4	-0.0118
62.42	0.00439
62.44	-0.02308
62.46	-0.04357
62.48	-0.05446
62.5	-0.02551
62.52	0.02585
62.54	0.05498
62.56	0.05719
62.58	0.00997
62.6	-0.02497
62.62	-0.05213
62.64	-0.08957
62.66	-0.10241
62.68	-0.09942
62.7	-0.10194
62.72	-0.08063
62.74	-0.04656
62.76	-0.0062
62.78	0.02183
62.8	0.03562
62.82	0.03324
62.84	0.01817
62.86	0.02378
62.88	0.03968
62.9	0.04691
62.92	0.04666
62.94	0.04731
62.96	0.0482
62.98	0.04653
63	0.06419
63.02	0.07832
63.04	0.07719
63.06	0.06054
63.08	0.0186
63.1	-0.01766
63.12	-0.04901
63.14	-0.05418
63.16	-0.03343
63.18	-0.02388
63.2	-0.0136
63.22	-0.00821
63.24	0.00611
63.26	0.03462
63.28	0.05372
63.3	0.05717
63.32	0.05784
63.34	0.03938
63.36	0.02874
63.38	0.00572
63.4	-0.01814
63.42	-0.02486
63.44	-0.02615
63.46	-0.0363
63.48	-0.05877
63.5	-0.07455
63.52	-0.09177
63.54	-0.10617
63.56	-0.09138
63.58	-0.06927
63.6	-0.04812
63.62	-0.02563
63.64	-0.03002
63.66	-0.00766
63.68	0.00074
63.7	0.00106
63.72	-0.00645
63.74	-0.02164
63.76	-0.03008
63.78	-0.05235
63.8	-0.05482
63.82	-0.05464
63.84	-0.02294
63.86	0.00804
63.88	0.04394
63.9	0.08075
63.92	0.08862
63.94	0.08385
63.96	0.06182
63.98	0.04236
64	0.03175
64.02	0.03387
64.04	0.03315
64.06	0.03391
64.08	0.03551
64.1	0.02063
64.12	0.00093
64.14	-0.01917
64.16	-0.00762
64.18	0.00662
64.2	-0.00109
64.22	-0.00898
64.24	0.00728
64.26	0.03262
64.28	0.04357
64.3	0.0467
64.32	0.03194
64.34	0.0089
64.36	-0.01148
64.38	-0.01874
64.4	-0.01838
64.42	-0.01487
64.44	-0.01589
64.46	-0.00292
64.48	0.01127
64.5	0.03852
64.52	0.03597
64.54	0.02068
64.56	0.02421
64.58	0.02502
64.6	0.01123
64.62	-0.00841
64.64	-0.02812
64.66	-0.02518
64.68	-0.00369
64.7	0.00197
64.72	0.00788
64.74	0.00009
64.76	0.00191
64.78	-0.00133
64.8	0.01224
64.82	0.0177
64.84	0.00097
64.86	-0.00957
64.88	-0.03224
64.9	-0.0487
64.92	-0.0657
64.94	-0.08277
64.96	-0.0845
64.98	-0.08332
65	-0.08525
65.02	-0.08255
65.04	-0.08684
65.06	-0.07042
65.08	-0.05802
65.1	-0.05266
65.12	-0.02875
65.14	-0.02583
65.16	0.00348
65.18	0.02304
65.2	0.04323
65.22	0.05748
65.24	0.05666
65.26	0.05686
65.28	0.05751
65.3	0.05598
65.32	0.0587
65.34	0.04928
65.36	0.03404
65.38	0.01732
65.4	-0.00028
65.42	-0.00346
65.44	-0.02108
65.46	-0.00509
65.48	0.00418
65.5	0.03199
65.52	0.05688
65.54	0.05972
65.56	0.0621
65.58	0.05392
65.6	0.04068
65.62	0.02499
65.64	0.01141
65.66	0.00257
65.68	0.00608
65.7	0.0042
65.72	0.00788
65.74	0.00545
65.76	0.01103
65.78	0.00016
65.8	-0.01863
65.82	-0.01743
65.84	-0.01627
65.86	-0.01689
65.88	-0.01254
65.9	0.00919
65.92	0.01636
65.94	-0.00104
65.96	-0.00862
65.98	-0.02208
66	-0.03403
66.02	-0.03328
66.04	-0.03853
66.06	-0.03595
66.08	-0.03694
66.1	-0.02493
66.12	-0.00775
66.14	-0.00934
66.16	-0.0062
66.18	-0.00836
66.2	-0.00549
66.22	-0.00781
66.24	-0.00269
66.26	0.01991
66.28	0.02319
66.3	0.02717
66.32	0.03215
66.34	0.04173
66.36	0.03215
66.38	0.01517
66.4	-0.00196
66.42	-0.00595
66.44	-0.0185
66.46	-0.03406
66.48	-0.01601
66.5	-0.00436
66.52	-0.00186
66.54	-0.00283
66.56	-0.00139
66.58	0.0194
66.6	0.0078
66.62	-0.00669
66.64	-0.02889
66.66	-0.02998
66.68	-0.04075
66.7	-0.04788
66.72	-0.03047
66.74	-0.03049
66.76	-0.0105
66.78	-0.00186
66.8	0.01777
66.82	0.04607
66.84	0.05646
66.86	0.04606
66.88	0.03544
66.9	0.03287
66.92	0.04159
66.94	0.03048
66.96	0.02971
66.98	0.02224
67	-0.00015
67.02	0.00044
67.04	-0.00131
67.06	0.00027
67.08	-0.00156
67.1	0.00097
67.12	-0.0156
67.14	-0.01034
67.16	0.0022
67.18	-0.00132
67.2	0.00093
67.22	0.00993
67.24	0.01639
67.26	0.01263
67.28	0.00587
67.3	-0.01578
67.32	-0.0293
67.34	-0.04845
67.36	-0.0586
67.38	-0.05564
67.4	-0.05773
67.42	-0.05356
67.44	-0.03126
67.46	0.00358
67.48	0.03014
67.5	0.05178
67.52	0.06526
67.54	0.05911
67.56	0.0503
67.58	0.05611
67.6	0.05855
67.62	0.03768
67.64	0.01715
67.66	0.00142
67.68	0.00596
67.7	0.00836
67.72	0.0087
67.74	0.00609
67.76	-0.00013
67.78	-0.00298
67.8	0.00306
67.82	-0.00216
67.84	-0.00298
67.86	-0.02056
67.88	-0.01877
67.9	-0.00494
67.92	0.00335
67.94	0.02286
67.96	0.03371
67.98	0.04953
68	0.05233
68.02	0.05105
68.04	0.02827
68.06	0.02195
68.08	-0.00183
68.1	-0.00191
68.12	-0.00659
68.14	-0.02879
68.16	-0.03159
68.18	-0.00904
68.2	-0.00363
68.22	0.00982
68.24	0.01588
68.26	0.00333
68.28	0.00548
68.3	-0.00415
68.32	0.00078
68.34	-0.00347
68.36	0.00188
68.38	-0.01496
68.4	-0.03097
68.42	-0.02923
68.44	-0.05707
68.46	-0.05083
68.48	-0.03435
68.5	-0.01274
68.52	-0.00066
68.54	0.01484
68.56	0.02819
68.58	0.03353
68.6	0.05577
68.62	0.05356
68.64	0.06058
68.66	0.08306
68.68	0.08052
68.7	0.05728
68.72	0.04708
68.74	0.04614
68.76	0.04956
68.78	0.05567
68.8	0.05631
68.82	0.05523
68.84	0.05738
68.86	0.03921
68.88	0.00879
68.9	-0.00196
68.92	0.00027
68.94	-0.00232
68.96	0.00083
68.98	-0.00492
69	-0.02503
69.02	-0.04793
69.04	-0.05917
69.06	-0.05611
69.08	-0.06393
69.1	-0.08888
69.12	-0.11156
69.14	-0.11688
69.16	-0.11025
69.18	-0.09225
69.2	-0.09139
69.22	-0.07762
69.24	-0.05256
69.26	-0.03532
69.28	-0.02184
69.3	-0.01103
69.32	-0.00342
69.34	-0.00251
69.36	0.0003
69.38	0.00611
69.4	0.02112
69.42	0.02758
69.44	0.02662
69.46	0.02262
69.48	0.00284
69.5	-0.00152
69.52	-0.01606
69.54	-0.04319
69.56	-0.0526
69.58	-0.04952
69.6	-0.03163
69.62	-0.03056
69.64	-0.05233
69.66	-0.05866
69.68	-0.05847
69.7	-0.06405
69.72	-0.08248
69.74	-0.06764
69.76	-0.05507
69.78	-0.05085
69.8	-0.02672
69.82	-0.01063
69.84	0.01381
69.86	0.02758
69.88	0.02716
69.9	0.03426
69.92	0.03248
69.94	0.02944
69.96	0.02728
69.98	0.02892
70	0.02765
70.02	0.02598
70.04	0.02585
70.06	0.03266
70.08	0.03222
70.1	0.04347
70.12	0.03891
70.14	0.03516
70.16	0.04611
70.18	0.03359
70.2	0.0352
70.22	0.01118
70.24	0.00435
70.26	0.00158
70.28	0.00156
70.3	0.00386
70.32	0.0026
70.34	0.00355
70.36	0.00286
70.38	0.0046
70.4	0.00507
70.42	0.0009
70.44	0.00006
70.46	-0.00762
70.48	-0.01546
70.5	-0.00056
70.52	-0.00106
70.54	-0.00209
70.56	0.00455
70.58	0.00782
70.6	0.00861
70.62	0.00259
70.64	0.00004
70.66	0.00905
70.68	0.01296
70.7	0.01324
70.72	0.01366
70.74	0.01891
70.76	0.01681
70.78	0.01854
70.8	0.00024
70.82	-0.01162
70.84	-0.02293
70.86	-0.02929
70.88	-0.03012
70.9	-0.03155
70.92	-0.01244
70.94	-0.01875
70.96	-0.01197
70.98	-0.00588
71	-0.00917
71.02	-0.00659
71.04	-0.00668
71.06	0.00557
71.08	0.01929
71.1	0.01091
71.12	-0.00079
71.14	-0.00565
71.16	-0.01031
71.18	0.00556
71.2	0.00792
71.22	0.01734
71.24	0.02336
71.26	0.03915
71.28	0.05395
71.3	0.07012
71.32	0.08671
71.34	0.08711
71.36	0.07966
71.38	0.05847
71.4	0.0491
71.42	0.03103
71.44	0.04247
71.46	0.04106
71.48	0.02489
71.5	0.028
71.52	0.02591
71.54	0.00792
71.56	-0.00288
71.58	-0.00284
71.6	-0.00578
71.62	-0.00449
71.64	-0.00742
71.66	0.01228
71.68	0.02666
71.7	0.0294
71.72	0.02223
71.74	-0.00438
71.76	-0.0301
71.78	-0.05775
71.8	-0.07777
71.82	-0.09243
71.84	-0.08285
71.86	-0.05481
71.88	-0.0189
71.9	0.00578
71.92	-0.00085
71.94	-0.00967
71.96	0.00111
71.98	-0.01181
72	-0.03122
72.02	-0.03982
72.04	-0.05701
72.06	-0.05438
72.08	-0.05639
72.1	-0.02991
72.12	-0.02917
72.14	-0.05004
72.16	-0.01468
72.18	0.00409
72.2	-0.01175
72.22	-0.05647
72.24	-0.06531
72.26	-0.05026
72.28	-0.03237
72.3	-0.01282
72.32	-0.0004
72.34	-0.01404
72.36	-0.03592
72.38	-0.01464
72.4	0.01335
72.42	0.00959
72.44	-0.00754
72.46	-0.01939
72.48	-0.03619
72.5	-0.05442
72.52	-0.05635
72.54	-0.04932
72.56	-0.04043
72.58	-0.00818
72.6	0.03413
72.62	0.08168
72.64	0.08676
72.66	0.07169
72.68	0.06432
72.7	0.02832
72.72	0.00339
72.74	-0.01728
72.76	-0.02004
72.78	-0.00997
72.8	-0.0103
72.82	-0.00796
72.84	0.02816
72.86	0.05309
72.88	0.0465
72.9	0.04408
72.92	0.04797
72.94	0.06666
72.96	0.07815
72.98	0.0576
73	0.04882
73.02	0.02905
73.04	-0.00289
73.06	-0.00404
73.08	0.00924
73.1	0.00524
73.12	-0.01121
73.14	-0.0174
73.16	-0.0298
73.18	-0.05161
73.2	-0.05313
73.22	-0.03513
73.24	-0.02654
73.26	-0.02322
73.28	-0.00963
73.3	-0.01151
73.32	-0.0097
73.34	-0.00259
73.36	-0.00752
73.38	-0.02511
73.4	-0.03606
73.42	-0.03809
73.44	-0.03691
73.46	-0.02812
73.48	-0.04784
73.5	-0.03955
73.52	-0.02791
73.54	-0.03106
73.56	-0.00795
73.58	-0.00684
73.6	-0.01794
73.62	-0.03064
73.64	-0.02195
73.66	-0.00685
73.68	-0.02536
73.7	-0.03028
73.72	-0.02851
73.74	-0.03237
73.76	-0.03096
73.78	-0.02057
73.8	-0.02921
73.82	-0.04407
73.84	-0.05002
73.86	-0.0432
73.88	-0.03151
73.9	-0.02821
73.92	-0.04123
73.94	-0.04331
73.96	-0.02556
73.98	-0.00819
74	0.01189
74.02	0.03783
74.04	0.03886
74.06	0.0522
74.08	0.05706
74.1	0.05777
74.12	0.05131
74.14	0.01273
74.16	0.00019
74.18	0.00928
74.2	0.03823
74.22	0.05608
74.24	0.06818
74.26	0.06983
74.28	0.06153
74.3	0.04836
74.32	0.01508
74.34	-0.00304
74.36	-0.02686
74.38	-0.06738
74.4	-0.10196
74.42	-0.10871
74.44	-0.08194
74.46	-0.0507
74.48	-0.02858
74.5	0.00688
74.52	0.02888
74.54	0.03335
74.56	0.03773
74.58	0.03836
74.6	0.04178
74.62	0.01703
74.64	-0.01985
74.66	-0.02169
74.68	-0.00769
74.7	0.02452
74.72	0.05188
74.74	0.06757
74.76	0.07034
74.78	0.04932
74.8	0.03162
74.82	0.01525
74.84	0.03295
74.86	0.05982
74.88	0.06921
74.9	0.06175
74.92	0.05651
74.94	0.04387
74.96	0.04743
74.98	-0.00063
75	-0.0556
75.02	-0.06842
75.04	-0.0578
75.06	0.01274
75.08	0.04193
75.1	0.04828
75.12	0.05834
75.14	0.07248
75.16	0.09197
75.18	0.09491
75.2	0.06817
75.22	0.0251
75.24	-0.02599
75.26	-0.04359
75.28	-0.03552
75.3	-0.01502
75.32	-0.02202
75.34	-0.04498
75.36	-0.04241
75.38	-0.00709
75.4	0.05168
75.42	0.07919
75.44	0.07995
75.46	0.08303
75.48	0.09596
75.5	0.08676
75.52	0.05093
75.54	-0.00432
75.56	-0.04421
75.58	-0.06325
75.6	-0.07958
75.62	-0.10371
75.64	-0.11425
75.66	-0.04344
75.68	0.01552
75.7	0.02257
75.72	0.02059
75.74	0.02934
75.76	0.02963
75.78	0.00911
75.8	-0.02188
75.82	-0.03466
75.84	-0.01891
75.86	0.0062
75.88	0.00948
75.9	-0.0038
75.92	-0.00531
75.94	0.00602
75.96	0.02324
75.98	0.04193
76	0.06969
76.02	0.05663
76.04	0.02316
76.06	-0.01494
76.08	-0.04315
76.1	-0.0525
76.12	-0.03622
76.14	-0.035
76.16	-0.02956
76.18	-0.01402
76.2	0.01716
76.22	0.05118
76.24	0.0539
76.26	0.05405
76.28	0.05446
76.3	0.05346
76.32	0.05501
76.34	0.05433
76.36	0.05666
76.38	0.05254
76.4	0.05379
76.42	0.04397
76.44	0.03121
76.46	0.04915
76.48	0.05478
76.5	0.05551
76.52	0.03479
76.54	0.02111
76.56	0.02432
76.58	0.02522
76.6	0.02208
76.62	0.00863
76.64	0.00193
76.66	0.02332
76.68	0.03472
76.7	0.0304
76.72	0.01541
76.74	0.00492
76.76	0.00703
76.78	-0.00301
76.8	-0.01626
76.82	-0.04238
76.84	-0.05291
76.86	-0.07223
76.88	-0.07741
76.9	-0.08411
76.92	-0.07324
76.94	-0.05442
76.96	-0.0515
76.98	-0.03058
77	-0.02939
77.02	-0.02511
77.04	-0.04372
77.06	-0.05507
77.08	-0.07832
77.1	-0.07581
77.12	-0.06099
77.14	-0.03938
77.16	0.00879
77.18	0.03656
77.2	0.05937
77.22	0.05765
77.24	0.05808
77.26	0.0402
77.28	0.0362
77.3	0.03543
77.32	0.0314
77.34	0.01344
77.36	0.0021
77.38	0.00739
77.4	0.01837
77.42	0.03315
77.44	0.02882
77.46	0.04069
77.48	0.03557
77.5	0.05452
77.52	0.05058
77.54	0.0176
77.56	-0.00373
77.58	-0.02797
77.6	-0.03719
77.62	-0.04612
77.64	-0.04824
77.66	-0.03361
77.68	-0.02318
77.7	-0.01169
77.72	0.00418
77.74	0.00593
77.76	0.01377
77.78	0.00926
77.8	-0.00585
77.82	-0.01142
77.84	-0.01014
77.86	-0.01478
77.88	-0.03599
77.9	-0.05634
77.92	-0.06924
77.94	-0.05972
77.96	-0.03573
77.98	-0.0203
78	0.00575
78.02	0.02117
78.04	0.01156
78.06	0.00825
78.08	-0.00501
78.1	-0.01057
78.12	-0.0127
78.14	-0.00308
78.16	0.01822
78.18	0.01693
78.2	0.02461
78.22	0.02372
78.24	0.02096
78.26	0.0201
78.28	0.0226
78.3	0.01613
78.32	-0.00209
78.34	-0.01302
78.36	-0.02586
78.38	-0.03024
78.4	-0.03167
78.42	-0.02914
78.44	-0.02998
78.46	-0.02644
78.48	-0.02521
78.5	-0.0272
78.52	-0.02551
78.54	-0.02877
78.56	-0.02453
78.58	-0.02364
78.6	-0.02279
78.62	-0.02321
78.64	-0.01982
78.66	-0.00144
78.68	0.02419
78.7	0.03379
78.72	0.03424
78.74	0.02731
78.76	0.01831
78.78	0.01155
78.8	-0.00478
78.82	-0.02391
78.84	-0.03361
78.86	-0.04617
78.88	-0.04764
78.9	-0.02691
78.92	-0.01701
78.94	-0.01069
78.96	-0.00274
78.98	-0.00474
79	-0.00278
79.02	-0.00063
79.04	-0.02301
79.06	-0.03926
79.08	-0.06087
79.1	-0.07329
79.12	-0.08532
79.14	-0.08301
79.16	-0.06104
79.18	-0.04621
79.2	-0.01792
79.22	-0.00116
79.24	0.01012
79.26	0.03232
79.28	0.04422
79.3	0.04271
79.32	0.0378
79.34	0.02366
79.36	0.01385
79.38	-0.00005
79.4	0.00235
79.42	0.00897
79.44	0.01263
79.46	0.01864
79.48	0.01477
79.5	0.03323
79.52	0.03804
79.54	0.02927
79.56	0.02016
79.58	0.01724
79.6	0.02475
79.62	0.02567
79.64	0.00776
79.66	0.00504
79.68	-0.00928
79.7	-0.02389
79.72	-0.03924
79.74	-0.04784
79.76	-0.04623
79.78	-0.04402
79.8	-0.02607
79.82	0.00577
79.84	0.03087
79.86	0.04226
79.88	0.0544
79.9	0.0495
79.92	0.03804
79.94	0.03269
79.96	0.01489
79.98	0.00957
