t(s)	ag (m/s^2)
0	0.06113
0.02	0.05105
0.04	0.03954
0.06	0.02657
0.08	0.03071
0.1	0.08682
0.12	0.14014
0.14	0.1422
0.16	0.07844
0.18	-0.0076
0.2	-0.09752
0.22	-0.07167
0.24	0.02291
0.26	0.00576
0.28	-0.01137
0.3	0.04324
0.32	0.04508
0.34	0.00356
0.36	0.05636
0.38	0.11902
0.4	0.06768
0.42	-0.12091
0.44	-0.12023
0.46	-0.00306
0.48	-0.02107
0.5	0.054
0.52	0.06131
0.54	0.02199
0.56	-0.10356
0.58	-0.22498
0.6	-0.17031
0.62	0.02339
0.64	0.08086
0.66	0.09236
0.68	0.34841
0.7	0.25399
0.72	-0.02579
0.74	-0.17952
0.76	-0.27317
0.78	0.00197
0.8	0.34773
0.82	0.07988
0.84	-0.24037
0.86	-0.07178
0.88	0.10413
0.9	0.13221
0.92	0.14901
0.94	0.2316
0.96	-0.06669
0.98	-0.41919
1	-0.02625
1.02	0.31525
1.04	0.23771
1.06	0.17933
1.08	0.13864
1.1	-0.14178
1.12	-0.37272
1.14	-0.31268
1.16	-0.26551
1.18	-0.15631
1.2	0.30517
1.22	0.46866
1.24	0.52409
1.26	0.31029
1.28	-0.25406
1.3	-0.15662
1.32	0.0316
1.34	0.03377
1.36	0.10586
1.38	0.25329
1.4	0.31742
1.42	0.39732
1.44	0.34688
1.46	0.28409
1.48	0.01272
1.5	-0.43288
1.52	-0.35318
1.54	-0.29492
1.56	0.04319
1.58	0.28865
1.6	0.49757
1.62	0.11808
1.64	-0.18391
1.66	0.35747
1.68	0.5835
1.7	0.21497
1.72	-0.12912
1.74	0.25147
1.76	0.26447
1.78	0.08625
1.8	-0.13613
1.82	-0.01234
1.84	0.10583
1.86	0.03197
1.88	-0.29503
1.9	-0.27372
1.92	-0.17704
1.94	-0.51827
1.96	-0.38423
1.98	0.10621
2	0.49829
2.02	0.09619
2.04	-0.51075
2.06	-0.20617
2.08	0.37193
2.1	0.5814
2.12	0.11943
2.14	-0.02939
2.16	0.36849
2.18	0.44829
2.2	-0.02068
2.22	-0.49972
2.24	0.1517
2.26	0.68052
2.28	0.10037
2.3	-0.59366
2.32	0.06661
2.34	1.10413
2.36	1.27893
2.38	0.36658
2.4	-0.26619
2.42	-0.35701
2.44	-0.75599
2.46	-0.78536
2.48	0.16405
2.5	0.83563
2.52	0.70584
2.54	0.08767
2.56	-0.01821
2.58	0.0308
2.6	-0.49315
2.62	-0.58718
2.64	-0.22295
2.66	0.15756
2.68	0.22895
2.7	0.54185
2.72	0.34993
2.74	-0.40017
2.76	-0.42588
2.78	0.09839
2.8	-0.14902
2.82	-0.41273
2.84	-0.42733
2.86	-0.17434
2.88	-0.0354
2.9	0.15073
2.92	0.55788
2.94	0.59737
2.96	0.42211
2.98	0.42039
3	0.6892
3.02	0.18832
3.04	0.01188
3.06	0.39161
3.08	0.39445
3.1	-0.05082
3.12	0.00541
3.14	0.08995
3.16	-0.07253
3.18	-0.01045
3.2	0.27004
3.22	0.3751
3.24	0.06264
3.26	-0.27336
3.28	-0.69309
3.3	-1.14516
3.32	-1.57278
3.34	-1.84508
3.36	-2.23008
3.38	-2.62912
3.4	-2.98839
3.42	-3.27393
3.44	-3.39799
3.46	-3.4977
3.48	-3.51478
3.5	-3.64538
3.52	-3.78771
3.54	-3.84207
3.56	-4.08722
3.58	-4.55766
3.6	-4.84871
3.62	-4.72495
3.64	-4.56005
3.66	-4.51391
3.68	-4.35599
3.7	-3.35904
3.72	-1.26397
3.74	1.0659
3.76	3.1169
3.78	4.63747
3.8	5.60469
3.82	6.47873
3.84	6.64793
3.86	6.13581
3.88	5.74459
3.9	5.01587
3.92	5.46232
3.94	1.98494
3.96	-4.39449
3.98	-5.78034
4	-5.01667
4.02	-4.09901
4.04	-3.60974
4.06	-2.6484
4.08	-0.52114
4.1	2.01178
4.12	3.76752
4.14	4.61041
4.16	6.2696
4.18	8.23811
4.2	8.2676
4.22	6.53667
4.24	5.56615
4.26	5.41587
4.28	4.79404
4.3	4.07632
4.32	3.72429
4.34	2.75212
4.36	0.04653
4.38	-2.35196
4.4	-2.88831
4.42	-2.12496
4.44	-0.58487
4.46	0.4293
4.48	1.15329
4.5	1.68102
4.52	2.36912
4.54	2.38009
4.56	0.99982
4.58	-0.16424
4.6	-0.35142
4.62	-0.29137
4.64	-0.43111
4.66	-0.87228
4.68	-1.33919
4.7	-1.6404
4.72	-0.56417
4.74	1.08755
4.76	1.80484
4.78	1.86501
4.8	0.99383
4.82	0.3787
4.84	0.2381
4.86	-0.32733
4.88	-0.85041
4.9	-1.0075
4.92	-1.14259
4.94	-1.38862
4.96	-1.90385
4.98	-2.4318
5	-2.69044
5.02	-2.76767
5.04	-2.64101
5.06	-2.39257
5.08	-1.47757
5.1	-0.20725
5.12	0.39117
5.14	0.44857
5.16	0.2306
5.18	-0.1838
5.2	-0.71103
5.22	-1.06747
5.24	-1.50292
5.26	-1.695
5.28	-1.89562
5.3	-1.71208
5.32	-0.77068
5.34	-0.05833
5.36	0.25928
5.38	0.35548
5.4	0.5609
5.42	1.34327
5.44	1.31339
5.46	0.34314
5.48	-0.12075
5.5	-0.35177
5.52	-0.71483
5.54	-1.47077
5.56	-1.1721
5.58	-0.27432
5.6	0.01847
5.62	-0.09922
5.64	-0.71046
5.66	-1.30027
5.68	-1.58125
5.7	-1.12241
5.72	-0.65672
5.74	-0.45804
5.76	-0.09612
5.78	0.55758
5.8	0.86985
5.82	0.8085
5.84	0.79355
5.86	0.83794
5.88	0.8802
5.9	0.48001
5.92	0.2467
5.94	0.16816
5.96	-0.09646
5.98	-0.69534
6	-1.05157
6.02	-1.0084
6.04	-1.0848
6.06	-1.35722
6.08	-1.59104
6.1	-1.66394
6.12	-1.66475
6.14	-1.5258
6.16	-1.26625
6.18	-0.61657
6.2	0.44554
6.22	1.35872
6.24	1.8549
6.26	1.82821
6.28	1.38015
6.3	0.94673
6.32	0.49459
6.34	0.09701
6.36	-0.33333
6.38	-0.66958
6.4	-0.93802
6.42	-1.1434
6.44	-1.21376
6.46	-0.92687
6.48	-0.2874
6.5	0.25689
6.52	0.61785
6.54	0.7283
6.56	0.74813
6.58	0.63418
6.6	0.32278
6.62	-0.2048
6.64	-0.85038
6.66	-1.63147
6.68	-2.34882
6.7	-2.7867
6.72	-2.11013
6.74	-0.57458
6.76	0.73642
6.78	1.52951
6.8	1.72326
6.82	1.37971
6.84	0.55436
6.86	-0.22757
6.88	-0.43598
6.9	-0.0987
6.92	0.41109
6.94	1.04991
6.96	1.57585
6.98	2.08911
7	2.42637
7.02	2.45543
7.04	2.2823
7.06	1.88676
7.08	1.57329
7.1	1.54966
7.12	1.6787
7.14	1.68583
7.16	1.42814
7.18	1.26694
7.2	1.19194
7.22	0.85792
7.24	0.67866
7.26	1.01832
7.28	1.46159
7.3	1.37786
7.32	1.02936
7.34	0.87832
7.36	0.68068
7.38	0.31645
7.4	0.00169
7.42	0.15365
7.44	0.59339
7.46	0.774
7.48	0.49103
7.5	-0.12821
7.52	-0.68632
7.54	-1.02263
7.56	-1.12572
7.58	-1.19324
7.6	-1.38466
7.62	-1.72656
7.64	-2.0125
7.66	-2.17953
7.68	-2.32408
7.7	-1.67463
7.72	-0.04273
7.74	1.52079
7.76	2.65125
7.78	3.25623
7.8	3.36971
7.82	3.10868
7.84	1.90793
7.86	0.44942
7.88	-0.83069
7.9	-1.7443
7.92	-1.98872
7.94	-2.10894
7.96	-2.28918
7.98	-2.63116
8	-2.81077
8.02	-2.67955
8.04	-2.3621
8.06	-2.30343
8.08	-2.1908
8.1	-1.8932
8.12	-1.82316
8.14	-1.93773
8.16	-1.93022
8.18	-1.51105
8.2	-0.97646
8.22	-0.53522
8.24	-0.15643
8.26	0.16018
8.28	0.39921
8.3	0.37747
8.32	0.14617
8.34	0.26296
8.36	0.77937
8.38	1.13556
8.4	1.1889
8.42	1.23458
8.44	1.38368
8.46	1.51626
8.48	1.11301
8.5	0.36482
8.52	-0.10841
8.54	-0.39164
8.56	-0.70899
8.58	-0.97525
8.6	-1.0564
8.62	-1.04003
8.64	-0.79396
8.66	-0.32444
8.68	0.38938
8.7	1.12762
8.72	1.51336
8.74	1.61549
8.76	1.66743
8.78	1.76889
8.8	1.81191
8.82	1.76254
8.84	1.56714
8.86	1.23497
8.88	0.84452
8.9	0.44406
8.92	0.01035
8.94	-0.25389
8.96	-0.35701
8.98	-0.44259
9	-0.52848
9.02	-0.66438
9.04	-0.73643
9.06	-0.63284
9.08	-0.39976
9.1	-0.27945
9.12	-0.19698
9.14	-0.05766
9.16	0.06609
9.18	0.07895
9.2	-0.02739
9.22	-0.14818
9.24	-0.10614
9.26	0.05732
9.28	0.10023
9.3	0.06124
9.32	0.08278
9.34	0.31891
9.36	0.60648
9.38	0.67578
9.4	0.50234
9.42	0.13849
9.44	-0.29053
9.46	-0.52154
9.48	-0.58092
9.5	-0.57758
9.52	-0.63416
9.54	-0.49953
9.56	0.10928
9.58	0.644
9.6	0.80405
9.62	0.8356
9.64	0.67487
9.66	0.34342
9.68	0.22606
9.7	0.26301
9.72	0.19943
9.74	-0.18838
9.76	-0.45181
9.78	-0.51374
9.8	-0.67172
9.82	-0.86604
9.84	-0.90726
9.86	-0.73743
9.88	-0.6238
9.9	-0.62752
9.92	-0.64344
9.94	-0.61454
9.96	-0.60036
9.98	-0.41691
10	-0.06461
10.02	0.05361
10.04	-0.0763
10.06	-0.22948
10.08	-0.29156
10.1	-0.40405
10.12	-0.58141
10.14	-0.69096
10.16	-0.65794
10.18	-0.37017
10.2	-0.00106
10.22	0.31882
10.24	0.6039
10.26	0.78118
10.28	0.80804
10.3	0.55145
10.32	0.16899
10.34	-0.20711
10.36	-0.56264
10.38	-0.72589
10.4	-0.55897
10.42	-0.14212
10.44	0.08059
10.46	0.1702
10.48	0.2784
10.5	0.39103
10.52	0.43483
10.54	0.4333
10.56	0.47129
10.58	0.47328
10.6	0.4079
10.62	0.321
10.64	0.27029
10.66	0.17886
10.68	0.01942
10.7	-0.15748
10.72	-0.30591
10.74	-0.49
10.76	-0.69193
10.78	-0.78316
10.8	-0.74688
10.82	-0.48817
10.84	0.02664
10.86	0.54958
10.88	0.94261
10.9	1.16965
10.92	1.23603
10.94	1.05901
10.96	0.73571
10.98	0.55063
11	0.3864
11.02	0.08803
11.04	-0.35613
11.06	-0.8284
11.08	-1.03879
11.1	-1.03266
11.12	-0.6738
11.14	-0.14193
11.16	0.34524
11.18	0.72085
11.2	0.8573
11.22	0.80838
11.24	0.4467
11.26	-0.09775
11.28	-0.63901
11.3	-0.85004
11.32	-0.81863
11.34	-0.71443
11.36	-0.52987
11.38	-0.33373
11.4	-0.23299
11.42	-0.19598
11.44	-0.11138
11.46	-0.01023
11.48	0.02857
11.5	-0.04432
11.52	-0.18058
11.54	-0.23859
11.56	-0.17994
11.58	-0.13887
11.6	-0.11555
11.62	-0.11189
11.64	-0.11766
11.66	-0.14784
11.68	-0.15216
11.7	-0.07159
11.72	0.01154
11.74	0.03352
11.76	-0.02124
11.78	-0.08093
11.8	-0.02774
11.82	0.13616
11.84	0.3448
11.86	0.4894
11.88	0.53548
11.9	0.61015
11.92	0.72947
11.94	0.80924
11.96	0.79752
11.98	0.72804
12	0.66131
12.02	0.54544
12.04	0.39645
12.06	0.30679
12.08	0.29686
12.1	0.27389
12.12	0.19761
12.14	0.12057
12.16	0.09218
12.18	0.05847
12.2	-0.05487
12.22	-0.27743
12.24	-0.52838
12.26	-0.70825
12.28	-0.83492
12.3	-0.92709
12.32	-0.86062
12.34	-0.43366
12.36	-0.0077
12.38	0.16643
12.4	0.27233
12.42	0.37533
12.44	0.46451
12.46	0.46896
12.48	0.34886
12.5	0.21729
12.52	0.12144
12.54	0.03998
12.56	0.03296
12.58	0.09454
12.6	0.16207
12.62	0.18636
12.64	0.18794
12.66	0.17032
12.68	0.10271
12.7	0.02803
12.72	0.01392
12.74	0.01409
12.76	-0.08616
12.78	-0.31019
12.8	-0.47672
12.82	-0.45782
12.84	-0.2199
12.86	-0.02102
12.88	0.01703
12.9	0.05142
12.92	0.09734
12.94	0.08403
12.96	-0.05871
12.98	-0.2791
13	-0.45788
13.02	-0.52243
13.04	-0.47672
13.06	-0.40028
13.08	-0.36021
13.1	-0.3126
13.12	-0.22757
13.14	-0.14812
13.16	-0.14686
13.18	-0.23902
13.2	-0.29899
13.22	-0.28661
13.24	-0.26271
13.26	-0.26807
13.28	-0.23568
13.3	-0.07906
13.32	0.0177
13.34	-0.03781
13.36	-0.11525
13.38	-0.10119
13.4	-0.02062
13.42	0.07373
13.44	0.17089
13.46	0.18832
13.48	0.08024
13.5	-0.05671
13.52	-0.1401
13.54	-0.14327
13.56	-0.09317
13.58	0.11835
13.6	0.38757
13.62	0.49379
13.64	0.47311
13.66	0.44521
13.68	0.48903
13.7	0.51597
13.72	0.47686
13.74	0.43523
13.76	0.44845
13.78	0.39536
13.8	0.2639
13.82	0.11887
13.84	0.00958
13.86	-0.03888
13.88	-0.05827
13.9	-0.12036
13.92	-0.29078
13.94	-0.46885
13.96	-0.56871
13.98	-0.55672
14	-0.44323
14.02	-0.24882
14.04	-0.07043
14.06	0.01409
14.08	0.02523
14.1	0.06131
14.12	0.17667
14.14	0.29813
14.16	0.3086
14.18	0.21972
14.2	0.11571
14.22	-0.00387
14.24	-0.12436
14.26	-0.15611
14.28	-0.02572
14.3	0.13832
14.32	0.21941
14.34	0.23097
14.36	0.23142
14.38	0.2088
14.4	0.15965
14.42	0.09474
14.44	0.00354
14.46	-0.07601
14.48	-0.18152
14.5	-0.27475
14.52	-0.28603
14.54	-0.22483
14.56	-0.20548
14.58	-0.22287
14.6	-0.17212
14.62	-0.10722
14.64	-0.06398
14.66	-0.10148
14.68	-0.10757
14.7	-0.08132
14.72	-0.10151
14.74	-0.12064
14.76	-0.10099
14.78	-0.08725
14.8	-0.1293
14.82	-0.17977
14.84	-0.21088
14.86	-0.20247
14.88	-0.14141
14.9	-0.05131
14.92	0.0594
14.94	0.22406
14.96	0.36278
14.98	0.44692
15	0.43845
15.02	0.39937
15.04	0.34059
15.06	0.22482
15.08	0.0529
15.1	-0.12024
15.12	-0.22003
15.14	-0.28023
15.16	-0.32727
15.18	-0.36741
15.2	-0.38033
15.22	-0.32762
15.24	-0.20371
15.26	-0.03759
15.28	0.06278
15.3	0.03968
15.32	-0.03473
15.34	-0.06129
15.36	-0.00248
15.38	0.07518
15.4	0.17396
15.42	0.24226
15.44	0.22611
15.46	0.13166
15.48	0.05153
15.5	0.01526
15.52	0.01317
15.54	0.05174
15.56	0.10335
15.58	0.15583
15.6	0.23551
15.62	0.3217
15.64	0.33268
15.66	0.23859
15.68	0.10451
15.7	0.05144
15.72	0.08742
15.74	0.11029
15.76	0.03217
15.78	-0.08473
15.8	-0.15751
15.82	-0.19213
15.84	-0.1922
15.86	-0.1285
15.88	-0.02552
15.9	0.03971
15.92	0.01357
15.94	-0.03862
15.96	0.00184
15.98	0.11957
16	0.19577
16.02	0.23302
16.04	0.26653
16.06	0.25984
16.08	0.19501
16.1	0.04883
16.12	-0.10608
16.14	-0.19999
16.16	-0.21578
16.18	-0.16632
16.2	-0.06181
16.22	0.05258
16.24	0.13991
16.26	0.12404
16.28	-0.04495
16.3	-0.22609
16.32	-0.29842
16.34	-0.31043
16.36	-0.30948
16.38	-0.28699
16.4	-0.21137
16.42	-0.10182
16.44	0.0282
16.46	0.17556
16.48	0.25368
16.5	0.22683
16.52	0.17175
16.54	0.14898
16.56	0.15549
16.58	0.20725
16.6	0.25669
16.62	0.27262
16.64	0.26901
16.66	0.28321
16.68	0.30331
16.7	0.29567
16.72	0.2518
16.74	0.17329
16.76	0.08194
16.78	-0.04048
16.8	-0.16957
16.82	-0.24884
16.84	-0.29508
16.86	-0.3428
16.88	-0.34509
16.9	-0.24996
16.92	-0.16406
16.94	-0.11143
16.96	-0.02966
16.98	0.06482
17	0.13007
17.02	0.12933
17.04	0.13495
17.06	0.15833
17.08	0.18085
17.1	0.17369
17.12	0.09984
17.14	0.062
17.16	0.06865
17.18	0.04864
17.2	-0.00673
17.22	-0.07168
17.24	-0.10615
17.26	-0.13343
17.28	-0.1254
17.3	-0.1041
17.32	-0.08746
17.34	-0.06563
17.36	-0.03572
17.38	0.00594
17.4	0.07236
17.42	0.14366
17.44	0.21003
17.46	0.28684
17.48	0.34156
17.5	0.34698
17.52	0.27209
17.54	0.16568
17.56	0.06759
17.58	-0.00248
17.6	-0.06751
17.62	-0.14492
17.64	-0.21614
17.66	-0.27232
17.68	-0.26387
17.7	-0.20434
17.72	-0.12952
17.74	-0.06029
17.76	0.00249
17.78	0.0158
17.8	-0.03531
17.82	-0.07917
17.84	-0.10058
17.86	-0.08219
17.88	-0.04999
17.9	-0.00264
17.92	0.03641
17.94	0.02231
17.96	-0.02572
17.98	-0.08545
18	-0.10777
18.02	-0.05955
18.04	0.02362
18.06	0.09394
18.08	0.12085
18.1	0.08421
18.12	0.03945
18.14	0.0489
18.16	0.0691
18.18	0.03415
18.2	-0.06824
18.22	-0.15847
18.24	-0.19567
18.26	-0.17097
18.28	-0.07561
18.3	0.01966
18.32	0.0592
18.34	0.02261
18.36	-0.03675
18.38	-0.05028
18.4	-0.02554
18.42	-0.04673
18.44	-0.10056
18.46	-0.1741
18.48	-0.25043
18.5	-0.26554
18.52	-0.17528
18.54	0.001
18.56	0.12805
18.58	0.13175
18.6	0.04115
18.62	-0.08243
18.64	-0.17357
18.66	-0.19471
18.68	-0.17036
18.7	-0.1197
18.72	-0.08591
18.74	-0.07667
18.76	-0.04435
18.78	0.01561
18.8	0.07794
18.82	0.12841
18.84	0.19582
18.86	0.27094
18.88	0.31584
18.9	0.33754
18.92	0.30838
18.94	0.24133
18.96	0.17626
18.98	0.16502
19	0.18769
19.02	0.1834
19.04	0.15731
19.06	0.1069
19.08	0.0572
19.1	0.03835
19.12	0.03715
19.14	0.03966
19.16	0.01825
19.18	-0.03247
19.2	-0.0836
19.22	-0.13096
19.24	-0.17517
19.26	-0.23087
19.28	-0.25075
19.3	-0.20809
19.32	-0.14654
19.34	-0.10802
19.36	-0.08583
19.38	-0.0474
19.4	-0.01926
19.42	-0.02019
19.44	-0.00944
19.46	0.01956
19.48	0.07625
19.5	0.10831
19.52	0.07182
19.54	0.04289
19.56	0.0367
19.58	0.009
19.6	-0.05046
19.62	-0.08379
19.64	-0.0662
19.66	-0.02408
19.68	0.00038
19.7	-0.01462
19.72	-0.03487
19.74	-0.05051
19.76	-0.09916
19.78	-0.17509
19.8	-0.23706
19.82	-0.28714
19.84	-0.30811
19.86	-0.27359
19.88	-0.21777
19.9	-0.18817
19.92	-0.14517
19.94	-0.06115
19.96	0.02132
19.98	0.09228
20	0.16796
20.02	0.21898
20.04	0.22105
20.06	0.17501
20.08	0.12538
20.1	0.11669
20.12	0.14028
20.14	0.18743
20.16	0.23517
20.18	0.27525
20.2	0.29012
20.22	0.26717
20.24	0.22429
20.26	0.22171
20.28	0.25361
20.3	0.28221
20.32	0.26971
20.34	0.21177
20.36	0.13182
20.38	0.0471
20.4	0.0061
20.42	-0.05752
20.44	-0.15264
20.46	-0.23741
20.48	-0.27616
20.5	-0.2555
20.52	-0.18431
20.54	-0.10132
20.56	-0.02497
20.58	-0.0097
20.6	-0.06886
20.62	-0.12849
20.64	-0.166
20.66	-0.21549
20.68	-0.254
20.7	-0.20609
20.72	-0.1324
20.74	-0.07908
20.76	-0.05138
20.78	-0.03038
20.8	-0.01998
20.82	-0.0342
20.84	-0.0264
20.86	-0.01209
20.88	-0.03414
20.9	-0.0473
20.92	-0.02677
20.94	0.02011
20.96	0.0802
20.98	0.11846
21	0.11375
21.02	0.08262
21.04	0.06284
21.06	0.01656
21.08	-0.02557
21.1	-0.05646
21.12	-0.09596
21.14	-0.08703
21.16	-0.07177
21.18	-0.05219
21.2	-0.04302
21.22	-0.04736
21.24	-0.06527
21.26	-0.07328
21.28	-0.04697
21.3	-0.04376
21.32	-0.04186
21.34	-0.07358
21.36	-0.10071
21.38	-0.10227
21.4	-0.08542
21.42	-0.04628
21.44	-0.01992
21.46	-0.01393
21.48	-0.01856
21.5	0.01192
21.52	0.05937
21.54	0.10865
21.56	0.13045
21.58	0.11097
21.6	0.06929
21.62	0.02917
21.64	0.04
21.66	0.02529
21.68	0.00055
21.7	-0.01253
21.72	-0.04981
21.74	-0.06063
21.76	-0.03507
21.78	-0.00792
21.8	-0.01328
21.82	-0.02921
21.84	-0.05481
21.86	-0.07374
21.88	-0.07646
21.9	-0.06344
21.92	-0.07
21.94	-0.1096
21.96	-0.14436
21.98	-0.09486
22	0.01598
22.02	0.06977
22.04	0.06721
22.06	0.03145
22.08	-0.01819
22.1	-0.08563
22.12	-0.07886
22.14	-0.04304
22.16	-0.0078
22.18	0.00811
22.2	-0.00892
22.22	-0.00302
22.24	-0.0129
22.26	-0.02886
22.28	-0.0166
22.3	-0.00144
22.32	-0.00022
22.34	-0.0268
22.36	-0.08346
22.38	-0.09195
22.4	-0.08025
22.42	-0.09269
22.44	-0.11652
22.46	-0.07872
22.48	-0.03086
22.5	-0.04071
22.52	-0.04744
22.54	-0.03933
22.56	-0.07893
22.58	-0.09994
22.6	-0.05883
22.62	0.00103
22.64	0.06185
22.66	0.11054
22.68	0.17714
22.7	0.20704
22.72	0.16848
22.74	0.09406
22.76	0.04966
22.78	0.03751
22.8	0.03664
22.82	0.05336
22.84	0.04252
22.86	-0.01467
22.88	-0.0748
22.9	-0.03027
22.92	0.06041
22.94	0.11471
22.96	0.0997
22.98	0.09404
23	0.10358
23.02	0.05708
23.04	0.01472
23.06	-0.04432
23.08	-0.12885
23.1	-0.23325
23.12	-0.28135
23.14	-0.24308
23.16	-0.15282
23.18	-0.02777
23.2	0.08306
23.22	0.16428
23.24	0.23376
23.26	0.26767
23.28	0.23514
23.3	0.14589
23.32	0.052
23.34	-0.03097
23.36	-0.05378
23.38	-0.0377
23.4	-0.02966
23.42	-0.00487
23.44	0.03749
23.46	0.07949
23.48	0.09275
23.5	0.09832
23.52	0.07496
23.54	0.06722
23.56	0.07886
23.58	0.10685
23.6	0.1144
23.62	0.0773
23.64	0.02803
23.66	-0.03048
23.68	-0.06898
23.7	-0.08658
23.72	-0.07946
23.74	-0.07166
23.76	-0.08719
23.78	-0.08425
23.8	-0.05803
23.82	-0.00182
23.84	0.04575
23.86	0.07205
23.88	0.04971
23.9	0.00711
23.92	-0.01622
23.94	0.02623
23.96	0.17439
23.98	0.31205
24	0.26791
24.02	0.0522
24.04	-0.07857
24.06	-0.06691
24.08	0.00948
24.1	0.08619
24.12	0.16225
24.14	0.1654
24.16	0.1268
24.18	0.11093
24.2	0.07211
24.22	0.02976
24.24	0.07045
24.26	0.13975
24.28	0.11474
24.3	0.03835
24.32	-0.03158
24.34	-0.12381
24.36	-0.21078
24.38	-0.25885
24.4	-0.22754
24.42	-0.14861
24.44	-0.04919
24.46	0.01815
24.48	-0.00469
24.5	-0.04613
24.52	-0.0586
24.54	-0.02543
24.56	0.03075
24.58	0.04409
24.6	0.03251
24.62	0.04109
24.64	0.08842
24.66	0.11607
24.68	0.09292
24.7	0.10456
24.72	0.12018
24.74	0.11593
24.76	0.06274
24.78	-0.00078
24.8	-0.08286
24.82	-0.11592
24.84	-0.08196
24.86	-0.03058
24.88	-0.00495
24.9	-0.05572
24.92	-0.11125
24.94	-0.14927
24.96	-0.17033
24.98	-0.15152
25	-0.10047
25.02	-0.08451
25.04	-0.0644
25.06	-0.03334
25.08	-0.00283
25.1	0.01055
25.12	0.02322
25.14	0.0463
25.16	0.02751
25.18	-0.00275
25.2	0.01011
25.22	0.04176
25.24	0.05788
25.26	0.09926
25.28	0.09914
25.3	0.08395
25.32	0.04748
25.34	-0.01735
25.36	-0.06688
25.38	-0.08629
25.4	-0.0817
25.42	-0.07395
25.44	-0.06267
25.46	-0.04778
25.48	-0.03321
25.5	-0.0261
25.52	0.04562
25.54	0.13117
25.56	0.16387
25.58	0.14722
25.6	0.10436
25.62	0.04622
25.64	-0.00212
25.66	-0.03377
25.68	-0.05638
25.7	-0.03167
25.72	0.00824
25.74	0.05026
25.76	0.07154
25.78	0.09517
25.8	0.11793
25.82	0.10387
25.84	0.06461
25.86	0.01918
25.88	-0.00917
25.9	0.01776
25.92	0.07487
25.94	0.11875
25.96	0.14081
25.98	0.12324
26	0.07017
26.02	0.0156
26.04	-0.01694
26.06	-0.044
26.08	-0.0897
26.1	-0.12306
26.12	-0.11339
26.14	-0.09667
26.16	-0.08689
26.18	-0.08886
26.2	-0.09426
26.22	-0.11018
26.24	-0.1353
26.26	-0.13625
26.28	-0.13005
26.3	-0.11149
26.32	-0.06225
26.34	-0.01127
26.36	0.02465
26.38	0.05125
26.4	0.07678
26.42	0.06305
26.44	0.0431
26.46	0.00313
26.48	-0.015
26.5	-0.04642
26.52	-0.07221
26.54	-0.06014
26.56	-0.06573
26.58	-0.07344
26.6	-0.10292
26.62	-0.12538
26.64	-0.1392
26.66	-0.14276
26.68	-0.13358
26.7	-0.12659
26.72	-0.10554
26.74	-0.07758
26.76	-0.06188
26.78	-0.03286
26.8	0.00586
26.82	0.06599
26.84	0.09539
26.86	0.08579
26.88	0.05888
26.9	0.03929
26.92	0.05297
26.94	0.07543
26.96	0.10389
26.98	0.10749
27	0.06196
27.02	0.0091
27.04	-0.00229
27.06	0.01857
27.08	0.06152
27.1	0.10113
27.12	0.10962
27.14	0.09787
27.16	0.07799
27.18	0.0613
27.2	0.04853
27.22	0.01497
27.24	0.01176
27.26	-0.01713
27.28	-0.05011
27.3	-0.05446
27.32	-0.04784
27.34	-0.03702
27.36	-0.02385
27.38	-0.00945
27.4	-0.01614
27.42	-0.0194
27.44	-0.0082
27.46	0.01746
27.48	0.04378
27.5	0.04766
27.52	0.04729
27.54	0.04771
27.56	0.04276
27.58	0.04944
27.6	0.04089
27.62	0.04393
27.64	0.03756
27.66	-0.0096
27.68	-0.05997
27.7	-0.08506
27.72	-0.08435
27.74	-0.08774
27.76	-0.10697
27.78	-0.13209
27.8	-0.1467
27.82	-0.1341
27.84	-0.08466
27.86	-0.02453
27.88	0.01814
27.9	0.03283
27.92	0.01699
27.94	0.0095
27.96	0.0124
27.98	0.03839
28	0.06785
28.02	0.08098
28.04	0.11501
28.06	0.12882
28.08	0.14702
28.1	0.13579
28.12	0.13204
28.14	0.11727
28.16	0.09228
28.18	0.10713
28.2	0.11177
28.22	0.11532
28.24	0.1083
28.26	0.0843
28.28	0.03529
28.3	-0.00731
28.32	-0.04286
28.34	-0.07498
28.36	-0.09149
28.38	-0.0964
28.4	-0.1151
28.42	-0.12373
28.44	-0.12188
28.46	-0.11459
28.48	-0.09119
28.5	-0.07401
28.52	-0.08786
28.54	-0.07278
28.56	-0.06822
28.58	-0.08171
28.6	-0.08002
28.62	-0.04174
28.64	0.01034
28.66	0.05731
28.68	0.0653
28.7	0.05247
28.72	0.05308
28.74	0.054
28.76	0.0871
28.78	0.101
28.8	0.1115
28.82	0.09566
28.84	0.06543
28.86	0.03812
28.88	0.0078
28.9	-0.01445
28.92	-0.05275
28.94	-0.0722
28.96	-0.07135
28.98	-0.0581
29	-0.01782
29.02	0.00996
29.04	0.01632
29.06	-0.00859
29.08	-0.0474
29.1	-0.07535
29.12	-0.07597
29.14	-0.05208
29.16	-0.0447
29.18	-0.03199
29.2	-0.01024
29.22	0.01207
29.24	0.03418
29.26	0.04017
29.28	0.04852
29.3	0.03549
29.32	0.03536
29.34	0.0307
29.36	0.03353
29.38	0.02699
29.4	-0.01121
29.42	-0.03125
29.44	-0.05735
29.46	-0.07213
29.48	-0.07381
29.5	-0.04382
29.52	-0.01115
29.54	0.03741
29.56	0.07367
29.58	0.10009
29.6	0.11584
29.62	0.12076
29.64	0.11947
29.66	0.10072
29.68	0.08362
29.7	0.07826
29.72	0.07437
29.74	0.06117
29.76	0.03143
29.78	-0.01598
29.8	-0.06142
29.82	-0.08846
29.84	-0.07424
29.86	-0.03505
29.88	-0.00991
29.9	-0.01229
29.92	-0.01813
29.94	-0.04333
29.96	-0.05583
29.98	-0.04324
30	-0.0337
30.02	-0.04575
30.04	-0.04254
30.06	-0.04501
30.08	-0.05842
30.1	-0.06541
30.12	-0.0886
30.14	-0.09743
30.16	-0.11212
30.18	-0.12444
30.2	-0.11898
30.22	-0.10725
30.24	-0.10363
30.26	-0.10085
30.28	-0.07098
30.3	-0.02695
30.32	0.0246
30.34	0.06584
30.36	0.06948
30.38	0.05594
30.4	0.04886
30.42	0.04031
30.44	0.04581
30.46	0.06471
30.48	0.06129
30.5	0.0466
30.52	0.04192
30.54	0.04162
30.56	0.03237
30.58	0.0276
30.6	0.02299
30.62	0.0196
30.64	0.04947
30.66	0.03861
30.68	0.01156
30.7	-0.01534
30.72	-0.05404
30.74	-0.07094
30.76	-0.07145
30.78	-0.04931
30.8	-0.01938
30.82	-0.01605
30.84	-0.03401
30.86	-0.0423
30.88	-0.03768
30.9	-0.03653
30.92	-0.0529
30.94	-0.06576
30.96	-0.07273
30.98	-0.09398
31	-0.10221
31.02	-0.07726
31.04	-0.03701
31.06	0.00871
31.08	0.02948
31.1	0.04272
31.12	0.05483
31.14	0.06433
31.16	0.06114
31.18	0.07034
31.2	0.09562
31.22	0.10725
31.24	0.09108
31.26	0.06729
31.28	0.06692
31.3	0.04648
31.32	0.0208
31.34	0.00116
31.36	-0.01007
31.38	-0.02673
31.4	-0.06501
31.42	-0.09962
31.44	-0.13645
31.46	-0.15008
31.48	-0.14187
31.5	-0.12005
31.52	-0.09151
31.54	-0.06372
31.56	-0.03371
31.58	-0.01014
31.6	0.02087
31.62	0.05395
31.64	0.06415
31.66	0.05566
31.68	0.05253
31.7	0.06065
31.72	0.07068
31.74	0.07086
31.76	0.07675
31.78	0.06319
31.8	0.0517
31.82	0.03826
31.84	0.00986
31.86	-0.01412
31.88	-0.03005
31.9	-0.02492
31.92	-0.02355
31.94	-0.0178
31.96	0.00654
31.98	0.03735
32	0.04248
32.02	0.04246
32.04	0.06107
32.06	0.06484
32.08	0.05503
32.1	0.03235
32.12	0.02837
32.14	0.05111
32.16	0.05644
32.18	0.06152
32.2	0.06324
32.22	0.06055
32.24	0.05396
32.26	0.02726
32.28	0.03012
32.3	0.0279
32.32	0.02712
32.34	0.017
32.36	0.00639
32.38	0.01233
32.4	0.01583
32.42	0.03337
32.44	0.0555
32.46	0.06359
32.48	0.07522
32.5	0.08749
32.52	0.07796
32.54	0.06706
32.56	0.04852
32.58	0.01747
32.6	0.01718
32.62	0.03799
32.64	0.05429
32.66	0.02258
32.68	-0.01485
32.7	-0.04022
32.72	-0.05051
32.74	-0.0636
32.76	-0.07343
32.78	-0.06275
32.8	-0.06229
32.82	-0.02853
32.84	0.00089
32.86	0.01619
32.88	0.00427
32.9	0.00461
32.92	-0.00199
32.94	0.01875
32.96	0.02641
32.98	0.0053
33	-0.0139
33.02	-0.04811
33.04	-0.03431
33.06	-0.01109
33.08	0.00164
33.1	-0.00025
33.12	-0.00047
33.14	-0.01715
33.16	-0.03097
33.18	-0.02075
33.2	-0.01631
33.22	-0.02405
33.24	-0.04627
33.26	-0.06158
33.28	-0.05627
33.3	-0.05031
33.32	-0.06521
33.34	-0.0939
33.36	-0.09029
33.38	-0.08656
33.4	-0.0767
33.42	-0.048
33.44	-0.00163
33.46	0.0232
33.48	0.04654
33.5	0.05371
33.52	0.05508
33.54	0.05747
33.56	0.04228
33.58	0.06377
33.6	0.0641
33.62	0.05578
33.64	0.02974
33.66	-0.00802
33.68	-0.02864
33.7	-0.05525
33.72	-0.0534
33.74	-0.04246
33.76	-0.03887
33.78	-0.02459
33.8	-0.01103
33.82	0.02783
33.84	0.06411
33.86	0.07293
33.88	0.08205
33.9	0.08378
33.92	0.08465
33.94	0.07336
33.96	0.04052
33.98	0.02442
34	0.00206
34.02	-0.04817
34.04	-0.07687
34.06	-0.08569
34.08	-0.06757
34.1	-0.05398
34.12	-0.05096
34.14	-0.04845
34.16	-0.06705
34.18	-0.06468
34.2	-0.04761
34.22	-0.02755
34.24	-0.02884
34.26	-0.0323
34.28	-0.0276
34.3	-0.02454
34.32	-0.02616
34.34	-0.01864
34.36	0.00801
34.38	0.0248
34.4	0.02938
34.42	0.04666
34.44	0.04814
34.46	0.04521
34.48	0.04989
34.5	0.04568
34.52	0.05203
34.54	0.04754
34.56	0.02567
34.58	0.01214
34.6	0.01319
34.62	0.02534
34.64	0.0541
34.66	0.04756
34.68	0.02665
34.7	0.00569
34.72	-0.00162
34.74	0.02394
34.76	0.0311
34.78	0.03505
34.8	0.01725
34.82	0.01075
34.84	0.02174
34.86	-0.00853
34.88	-0.02944
34.9	-0.03831
34.92	-0.04444
34.94	-0.06938
34.96	-0.08019
34.98	-0.05714
35	-0.03295
35.02	-0.02291
35.04	-0.00554
35.06	0.0209
35.08	0.03682
35.1	0.02781
35.12	0.00332
35.14	-0.01914
35.16	-0.04981
35.18	-0.02003
35.2	0.0228
35.22	0.04795
35.24	0.02071
35.26	-0.02231
35.28	-0.03426
35.3	-0.03506
35.32	-0.02086
35.34	-0.01822
35.36	-0.03286
35.38	-0.03664
35.4	-0.03608
35.42	-0.03236
35.44	-0.02154
35.46	-0.0218
35.48	-0.0268
35.5	-0.06347
35.52	-0.07593
35.54	-0.06373
35.56	-0.04008
35.58	-0.01158
35.6	0.00318
35.62	0.01008
35.64	0.03423
35.66	0.03532
35.68	0.03775
35.7	0.02988
35.72	0.00637
35.74	-0.02353
35.76	-0.04544
35.78	-0.05424
35.8	-0.05205
35.82	-0.04832
35.84	-0.04431
35.86	-0.01812
35.88	-0.01535
35.9	-0.01557
35.92	-0.01595
35.94	-0.00824
35.96	0.00715
35.98	0.00228
36	-0.01207
36.02	-0.00434
36.04	0.00162
36.06	0.0107
36.08	0.00066
36.1	-0.01775
36.12	-0.03554
36.14	-0.03642
36.16	-0.02777
36.18	-0.01453
36.2	-0.0131
36.22	-0.03035
36.24	-0.05218
36.26	-0.06717
36.28	-0.06773
36.3	-0.06627
36.32	-0.04261
36.34	-0.03291
36.36	-0.01282
36.38	-0.0034
36.4	-0.00608
36.42	-0.00825
36.44	0.01131
36.46	0.02096
36.48	0.02017
36.5	0.01799
36.52	0.01528
36.54	0.01727
36.56	0.01721
36.58	0.02267
36.6	0.02048
36.62	0.03547
36.64	0.04911
36.66	0.05721
36.68	0.06362
36.7	0.07565
36.72	0.0786
36.74	0.08004
36.76	0.08225
36.78	0.08196
36.8	0.08391
36.82	0.06409
36.84	0.04558
36.86	0.03129
36.88	0.00696
36.9	-0.00576
36.92	-0.01609
36.94	-0.01178
36.96	-0.01084
36.98	-0.01839
37	-0.02408
37.02	-0.03128
37.04	-0.05013
37.06	-0.08382
37.08	-0.10878
37.1	-0.11124
37.12	-0.10585
37.14	-0.08075
37.16	-0.06166
37.18	-0.05796
37.2	-0.04169
37.22	-0.03818
37.24	-0.05195
37.26	-0.05162
37.28	-0.05086
37.3	-0.06673
37.32	-0.05272
37.34	-0.02849
37.36	-0.0002
37.38	0.02105
37.4	0.01681
37.42	0.01684
37.44	0.01651
37.46	0.02588
37.48	0.02297
37.5	0.01537
37.52	0.01795
37.54	0.01892
37.56	0.03028
37.58	0.05109
37.6	0.03323
37.62	0.03176
37.64	0.0403
37.66	0.02306
37.68	0.02013
37.7	0.02519
37.72	0.04117
37.74	0.02662
37.76	0.02552
37.78	0.02226
37.8	0.03226
37.82	0.05018
37.84	0.05209
37.86	0.04219
37.88	0.03092
37.9	0.02868
37.92	0.01865
37.94	0.00829
37.96	0.00248
37.98	-0.00195
38	-0.00388
38.02	0.00398
38.04	0.01797
38.06	0.01567
38.08	0.00479
38.1	-0.00024
38.12	0.00047
38.14	0.00461
38.16	-0.00392
38.18	-0.00196
38.2	0.00078
38.22	0.00055
38.24	-0.00053
38.26	-0.00488
38.28	-0.01622
38.3	-0.03092
38.32	-0.02274
38.34	-0.00552
38.36	0.00542
38.38	0.00604
38.4	0.01658
38.42	0.02112
38.44	0.00011
38.46	-0.00689
38.48	0.00202
38.5	0.00102
38.52	-0.02532
38.54	-0.03822
38.56	-0.04168
38.58	-0.02387
38.6	-0.01381
38.62	0.01258
38.64	0.05959
38.66	0.05331
38.68	0.05433
38.7	0.05333
38.72	0.04442
38.74	0.03892
38.76	0.02397
38.78	0.02607
38.8	0.02682
38.82	0.02684
38.84	0.03188
38.86	0.05125
38.88	0.06353
38.9	0.05362
38.92	0.05886
38.94	0.07426
38.96	0.06757
38.98	0.06076
39	0.05545
39.02	0.0549
39.04	0.04981
39.06	0.02713
39.08	0.02616
39.1	0.02806
39.12	0.02824
39.14	0.02032
39.16	0.00484
39.18	-0.01291
39.2	-0.03504
39.22	-0.04138
39.24	-0.06259
39.26	-0.05278
39.28	-0.0283
39.3	-0.01298
39.32	-0.01225
39.34	0.00507
39.36	0.02092
39.38	0.00782
39.4	-0.00178
39.42	-0.00844
39.44	-0.0062
39.46	-0.00986
39.48	0.00762
39.5	-0.00245
39.52	-0.02063
39.54	-0.02983
39.56	-0.03293
39.58	-0.02447
39.6	-0.01762
39.62	-0.00694
39.64	-0.00624
39.66	-0.01121
39.68	-0.01404
39.7	0.00329
39.72	0.00989
39.74	0.01471
39.76	0.00042
39.78	-0.01291
39.8	-0.01455
39.82	-0.01941
39.84	-0.01719
39.86	-0.03794
39.88	-0.03559
39.9	-0.03708
39.92	-0.03818
39.94	-0.03776
39.96	-0.02166
39.98	-0.00506
40	-0.00517
40.02	-0.00464
40.04	-0.00304
40.06	-0.00847
40.08	-0.03094
40.1	-0.04249
40.12	-0.02128
40.14	0.0096
40.16	0.03536
40.18	0.08074
40.2	0.10118
40.22	0.0839
40.24	0.05049
40.26	0.02639
40.28	0.00119
40.3	-0.00239
40.32	0.00127
40.34	0.00507
40.36	0.00145
40.38	-0.00141
40.4	-0.00228
40.42	-0.00183
40.44	0.00352
40.46	0.00044
40.48	0.00846
40.5	0.00887
40.52	0.01994
40.54	0.01735
40.56	0.01429
40.58	0.01701
40.6	0.0067
40.62	0.01876
40.64	0.02706
40.66	0.02397
40.68	0.0431
40.7	0.06278
40.72	0.06262
40.74	0.05848
40.76	0.04976
40.78	0.03791
40.8	0.03108
40.82	0.02059
40.84	0.01482
40.86	-0.00058
40.88	-0.00795
40.9	-0.01354
40.92	-0.00647
40.94	-0.01836
40.96	-0.03321
40.98	-0.03269
41	-0.03249
41.02	-0.03466
41.04	-0.02569
41.06	-0.0217
41.08	-0.02796
41.1	-0.03574
41.12	-0.04642
41.14	-0.03533
41.16	-0.03943
41.18	-0.03499
41.2	-0.02054
41.22	-0.00854
41.24	-0.01046
41.26	-0.03005
41.28	-0.05051
41.3	-0.06389
41.32	-0.07487
41.34	-0.0805
41.36	-0.0621
41.38	-0.03746
41.4	-0.01823
41.42	0.00796
41.44	0.02026
41.46	0.00067
41.48	-0.01227
41.5	-0.01874
41.52	-0.00822
41.54	0.01434
41.56	0.03361
41.58	0.04353
41.6	0.04569
41.62	0.05071
41.64	0.04825
41.66	0.03439
41.68	0.02097
41.7	-0.00126
41.72	-0.02645
41.74	-0.03194
41.76	-0.03657
41.78	-0.0381
41.8	-0.0361
41.82	-0.01321
41.84	-0.00986
41.86	-0.00391
41.88	0.01587
41.9	0.02595
41.92	0.04103
41.94	0.05622
41.96	0.07506
41.98	0.0618
42	0.04838
42.02	0.0511
42.04	0.0404
42.06	0.02055
42.08	0.02013
42.1	0.01749
42.12	0.01898
42.14	0.01387
42.16	-0.00814
42.18	-0.00415
42.2	-0.00686
42.22	-0.01711
42.24	0.00533
42.26	0.03039
42.28	0.01914
42.3	0.01531
42.32	0.00023
42.34	-0.00915
42.36	-0.00866
42.38	-0.02234
42.4	-0.02097
42.42	-0.01061
42.44	-0.00886
42.46	0.00162
42.48	0.01863
42.5	0.00097
42.52	-0.00902
42.54	-0.0053
42.56	-0.00625
42.58	0.0138
42.6	0.01447
42.62	0.01274
42.64	0.01541
42.66	0.01142
42.68	0.01107
42.7	-0.00345
42.72	-0.01918
42.74	-0.03701
42.76	-0.05514
42.78	-0.07157
42.8	-0.06676
42.82	-0.07264
42.84	-0.05821
42.86	-0.0411
42.88	-0.04033
42.9	-0.04233
42.92	-0.02761
42.94	-0.01217
42.96	0.00191
42.98	0.02327
43	-0.00157
43.02	-0.00889
43.04	-0.03107
43.06	-0.03802
43.08	-0.03935
43.1	-0.06976
43.12	-0.07252
43.14	-0.06495
43.16	-0.046
43.18	-0.04323
43.2	-0.03865
43.22	-0.03377
43.24	-0.0381
43.26	-0.03739
43.28	-0.06042
43.3	-0.07113
43.32	-0.06308
43.34	-0.03249
43.36	0.00079
43.38	0.01664
43.4	0.02145
43.42	0.02214
43.44	0.03064
43.46	0.03216
43.48	0.04431
43.5	0.05198
43.52	0.07254
43.54	0.08488
43.56	0.08364
43.58	0.08751
43.6	0.08045
43.62	0.08196
43.64	0.08182
43.66	0.0809
43.68	0.0791
43.7	0.08099
43.72	0.07372
43.74	0.07541
43.76	0.06496
43.78	0.05223
43.8	0.04887
43.82	0.05003
43.84	0.04697
43.86	0.06268
43.88	0.07491
43.9	0.05285
43.92	0.02883
43.94	0.0222
43.96	-0.00363
43.98	-0.03439
44	-0.04846
44.02	-0.04861
44.04	-0.03203
44.06	-0.03996
44.08	-0.01209
44.1	-0.02319
44.12	-0.02918
44.14	-0.00307
44.16	0.01739
44.18	0.02423
44.2	-0.00375
44.22	-0.00671
44.24	0.01761
44.26	0.01344
44.28	-0.00556
44.3	-0.00793
44.32	-0.00507
44.34	-0.00185
44.36	-0.01178
44.38	-0.00597
44.4	-0.0298
44.42	-0.04446
44.44	-0.04619
44.46	-0.06274
44.48	-0.09356
44.5	-0.11472
44.52	-0.09199
44.54	-0.08276
44.56	-0.08467
44.58	-0.08089
44.6	-0.08404
44.62	-0.07735
44.64	-0.07658
44.66	-0.07667
44.68	-0.05867
44.7	-0.06319
44.72	-0.06146
44.74	-0.0476
44.76	-0.03748
44.78	-0.03654
44.8	-0.02733
44.82	-0.02991
44.84	-0.029
44.86	-0.02293
44.88	-0.01917
44.9	-0.02628
44.92	-0.02487
44.94	-0.03061
44.96	-0.05366
44.98	-0.06091
45	-0.06243
45.02	-0.06402
45.04	-0.0351
45.06	-0.02857
45.08	-0.01429
45.1	0.01775
45.12	0.00287
45.14	0.01346
45.16	0.01136
45.18	0.01392
45.2	0.01392
45.22	0.01181
45.24	0.01376
45.26	0.00178
45.28	0.00886
45.3	0.01282
45.32	-0.0084
45.34	-0.01778
45.36	-0.01365
45.38	0.00251
45.4	0.01756
45.42	0.04354
45.44	0.06204
45.46	0.05383
45.48	0.04045
45.5	0.02068
45.52	0.01745
45.54	0.01032
45.56	-0.02621
45.58	-0.03168
45.6	0.00115
45.62	0.04882
45.64	0.06524
45.66	0.05781
45.68	0.07454
45.7	0.0729
45.72	0.06836
45.74	0.06263
45.76	0.06621
45.78	0.0633
45.8	0.04539
45.82	0.05411
45.84	0.05571
45.86	0.04898
45.88	0.04308
45.9	0.02078
45.92	0.01361
45.94	0.00144
45.96	-0.00017
45.98	0.00929
46	0.00953
46.02	0.00098
46.04	0.01612
46.06	0.01187
46.08	-0.02425
46.1	-0.03685
46.12	-0.03519
46.14	-0.02424
46.16	-0.01811
46.18	-0.01533
46.2	-0.018
46.22	-0.01405
46.24	-0.00354
46.26	0.0066
46.28	-0.01617
46.3	-0.02553
46.32	-0.03514
46.34	-0.0233
46.36	-0.01343
46.38	-0.00323
46.4	0.01056
46.42	-0.0198
46.44	-0.0354
46.46	-0.05337
46.48	-0.06705
46.5	-0.0722
46.52	-0.05889
46.54	-0.03412
46.56	-0.01459
46.58	0.01474
46.6	0.02417
46.62	0.02059
46.64	0.02307
46.66	0.01728
46.68	0.02389
46.7	0.0164
46.72	0.01279
46.74	0.00388
46.76	0.00052
46.78	0.01196
46.8	0.02052
46.82	0.04232
46.84	0.04518
46.86	0.02809
46.88	0.0038
46.9	0.00138
46.92	0.00303
46.94	-0.00465
46.96	-0.00082
46.98	0.01126
47	0.01614
47.02	0.02152
47.04	0.03108
47.06	0.02613
47.08	0.0307
47.1	0.02586
47.12	0.02662
47.14	0.02723
47.16	0.02334
47.18	0.02886
47.2	0.01254
47.22	0.00818
47.24	0.01511
47.26	0.03875
47.28	0.04072
47.3	0.03225
47.32	0.04102
47.34	0.03455
47.36	0.02505
47.38	0.01312
47.4	0.02978
47.42	0.03104
47.44	0.01912
47.46	0.02074
47.48	0.01662
47.5	0.00368
47.52	0.01609
47.54	0.03786
47.56	0.03475
47.58	0.01889
47.6	0.01077
47.62	0.03101
47.64	0.01391
47.66	0.00777
47.68	-0.00769
47.7	-0.00994
47.72	0.01158
47.74	0.00787
47.76	-0.01061
47.78	-0.04525
47.8	-0.06018
47.82	-0.06379
47.84	-0.04466
47.86	-0.00526
47.88	0.01162
47.9	0.01099
47.92	0.01276
47.94	0.00804
47.96	0.00815
47.98	0.01083
48	0.00485
48.02	0.00376
48.04	0.00079
48.06	0.00234
48.08	0.01096
48.1	-0.00841
48.12	0.00508
48.14	0.00194
48.16	-0.01299
48.18	-0.02369
48.2	-0.02709
48.22	-0.01083
48.24	-0.00064
48.26	-0.0082
48.28	-0.01138
48.3	0.00335
48.32	0.01397
48.34	0.0432
48.36	0.06031
48.38	0.06291
48.4	0.06632
48.42	0.05055
48.44	0.00331
48.46	-0.00908
48.48	-0.01211
48.5	-0.02109
48.52	-0.03014
48.54	-0.02618
48.56	-0.02997
48.58	-0.04996
48.6	-0.0475
48.62	-0.03832
48.64	-0.04144
48.66	-0.04675
48.68	-0.03149
48.7	-0.01401
48.72	-0.01492
48.74	-0.01731
48.76	-0.0041
48.78	0.00929
48.8	0.0297
48.82	0.01679
48.84	0.007
48.86	0.01471
48.88	0.0248
48.9	0.03236
48.92	0.03107
48.94	0.0217
48.96	-0.01176
48.98	-0.01837
49	-0.03327
49.02	-0.06169
49.04	-0.10898
49.06	-0.16014
49.08	-0.1246
49.1	-0.03178
49.12	0.06538
49.14	0.1263
49.16	0.1478
49.18	0.16645
49.2	0.12968
49.22	0.04893
49.24	-0.01747
49.26	-0.04342
49.28	-0.04775
49.3	-0.0481
49.32	-0.03108
49.34	-0.01223
49.36	-0.03744
49.38	-0.0704
49.4	-0.05797
49.42	-0.03269
49.44	-0.01684
49.46	-0.01798
49.48	-0.01122
49.5	-0.02947
49.52	-0.03175
49.54	0.02244
49.56	0.03499
49.58	0.01397
49.6	-0.00852
49.62	-0.00714
49.64	0.022
49.66	0.03522
49.68	0.04102
49.7	0.05263
49.72	0.04606
49.74	0.03102
49.76	0.02896
49.78	0.03392
49.8	0.02623
49.82	0.00874
49.84	0.00477
49.86	-0.00852
49.88	-0.02713
49.9	-0.02903
49.92	-0.02354
49.94	-0.00858
49.96	0.00301
49.98	-0.01095
50	-0.03134
50.02	-0.03225
50.04	-0.00492
50.06	0.02216
50.08	0.02854
50.1	0.01769
50.12	0.01847
50.14	0.00531
50.16	0.0072
50.18	0.00818
50.2	-0.0239
50.22	-0.06281
50.24	-0.07113
50.26	-0.06222
50.28	-0.05331
50.3	-0.04958
50.32	-0.05111
50.34	-0.0363
50.36	-0.03318
50.38	-0.0325
50.4	-0.01861
50.42	0.0038
50.44	-0.00206
50.46	-0.01446
50.48	-0.04038
50.5	-0.04912
50.52	-0.03554
50.54	-0.02424
50.56	-0.00592
50.58	0.00455
50.6	0.0316
50.62	0.0563
50.64	0.05717
50.66	0.03001
50.68	0.00638
50.7	0.00512
50.72	0.01633
50.74	0.03007
50.76	0.02969
50.78	0.01523
50.8	0.0081
50.82	0.01614
50.84	0.00268
50.86	-0.00027
50.88	0.01745
50.9	0.02533
50.92	0.02973
50.94	0.02747
50.96	0.02367
50.98	0.03116
51	0.02631
51.02	0.01452
51.04	0.02884
51.06	0.01597
51.08	0.0111
51.1	0.02951
51.12	0.03735
51.14	0.03443
51.16	0.04045
51.18	0.03452
51.2	0.03803
51.22	0.04132
51.24	0.03127
51.26	0.03443
51.28	0.03379
51.3	0.03232
51.32	0.00884
51.34	-0.01629
51.36	-0.04069
51.38	-0.06306
51.4	-0.06909
51.42	-0.05054
51.44	-0.02489
51.46	-0.02257
51.48	-0.03281
51.5	-0.02503
51.52	-0.013
51.54	0.00728
51.56	0.0102
51.58	0.00958
51.6	-0.00807
51.62	-0.02707
51.64	-0.0353
51.66	-0.03845
51.68	-0.03712
51.7	-0.04478
51.72	-0.03947
51.74	-0.05086
51.76	-0.05211
51.78	-0.05209
51.8	-0.04645
51.82	-0.05082
51.84	-0.03641
51.86	-0.0305
51.88	-0.04574
51.9	-0.03677
51.92	-0.04045
51.94	-0.0422
51.96	-0.03161
51.98	-0.02417
52	-0.03527
52.02	-0.04259
52.04	-0.03425
52.06	-0.02591
52.08	-0.02785
52.1	-0.02465
52.12	-0.01237
52.14	0.00282
52.16	-0.0089
52.18	-0.02599
52.2	-0.03277
52.22	-0.03379
52.24	-0.02918
52.26	-0.02816
52.28	-0.0049
52.3	0.02744
52.32	0.03665
52.34	0.03365
52.36	0.03571
52.38	0.03298
52.4	0.03957
52.42	0.03469
52.44	0.03741
52.46	0.04112
52.48	0.02843
52.5	0.0188
52.52	0.01392
52.54	0.02817
52.56	0.02318
52.58	0.04065
52.6	0.04303
52.62	0.0538
52.64	0.05134
52.66	0.04565
52.68	0.05171
52.7	0.0286
52.72	0.02158
52.74	0.01402
52.76	-0.004
52.78	-0.01206
52.8	-0.0096
52.82	-0.0005
52.84	-0.00254
52.86	-0.01031
52.88	-0.02754
52.9	-0.03011
52.92	-0.01065
52.94	0.00166
52.96	0.01856
52.98	0.02278
53	0.01957
53.02	0.02991
53.04	0.04364
53.06	0.04209
53.08	0.02905
53.1	0.02112
53.12	0.03404
53.14	0.05406
53.16	0.05276
53.18	0.02874
53.2	0.00825
53.22	0.00867
53.24	0.01001
53.26	0.0148
53.28	0.02063
53.3	0.02407
53.32	0.03372
53.34	0.03919
53.36	0.03322
53.38	0.00373
53.4	-0.00916
53.42	-0.01248
53.44	-0.01087
53.46	-0.01292
53.48	-0.01833
53.5	-0.02638
53.52	-0.02294
53.54	-0.00292
53.56	0.00593
53.58	0.00905
53.6	-0.00389
53.62	-0.00307
53.64	-0.00591
53.66	-0.02177
53.68	-0.00221
53.7	0.00689
53.72	0.0048
53.74	0.00817
53.76	0.01281
53.78	0.00183
53.8	-0.01487
53.82	-0.01761
53.84	-0.02385
53.86	-0.02875
53.88	-0.01142
53.9	0.00549
53.92	0.00612
53.94	-0.00354
53.96	-0.00708
53.98	-0.01698
54	-0.01587
54.02	0.00009
54.04	0.01931
54.06	0.03463
54.08	0.03133
54.1	0.03088
54.12	0.02243
54.14	0.03269
54.16	0.02244
54.18	0.02231
54.2	0.01326
54.22	0.00125
54.24	-0.01894
54.26	-0.02764
54.28	-0.03587
54.3	-0.05052
54.32	-0.04482
54.34	-0.04773
54.36	-0.04632
54.38	-0.03832
54.4	-0.02544
54.42	-0.02591
54.44	-0.02406
54.46	-0.01895
54.48	-0.00742
54.5	-0.00078
54.52	-0.00172
54.54	0.00359
54.56	0.01378
54.58	-0.00026
54.6	-0.01456
54.62	-0.01204
54.64	-0.01195
54.66	-0.00966
54.68	-0.00011
54.7	-0.00813
54.72	0.0007
54.74	-0.0205
54.76	-0.02379
54.78	-0.01515
54.8	-0.02519
54.82	-0.02373
54.84	-0.00951
54.86	-0.00072
54.88	-0.00667
54.9	-0.0045
54.92	0.01114
54.94	0.02579
54.96	0.01666
54.98	0.02608
55	0.01171
55.02	-0.00018
55.04	-0.00057
55.06	0.01439
55.08	0.03827
55.1	0.04131
55.12	0.04345
55.14	0.03864
55.16	0.02584
55.18	0.02519
55.2	0.02171
55.22	0.00266
55.24	-0.00457
55.26	-0.01036
55.28	-0.02329
55.3	-0.02993
55.32	-0.03614
55.34	-0.03465
55.36	-0.02921
55.38	-0.03156
55.4	-0.01483
55.42	-0.00046
55.44	0.00036
55.46	-0.0004
55.48	-0.01348
55.5	-0.00482
55.52	0.01265
55.54	0.01235
55.56	0.01163
55.58	0.01431
55.6	-0.00301
55.62	-0.0113
55.64	-0.00108
55.66	-0.01547
55.68	-0.02927
55.7	0.00282
55.72	0.00652
55.74	-0.00195
55.76	0.00447
55.78	-0.0043
55.8	-0.03209
55.82	-0.03313
55.84	-0.00419
55.86	-0.00083
55.88	-0.00255
55.9	-0.00427
55.92	-0.00535
55.94	0.00089
55.96	0.01357
55.98	0.02502
56	0.01658
56.02	-0.00449
56.04	-0.00698
56.06	-0.01199
56.08	-0.01126
56.1	0.00017
56.12	0.01492
56.14	0.02477
56.16	0.0212
56.18	0.00688
56.2	0.01183
56.22	0.02505
56.24	0.02708
56.26	0.02527
56.28	0.02767
56.3	0.01728
56.32	0.00189
56.34	0.00896
56.36	-0.00248
56.38	-0.00288
56.4	-0.00257
56.42	0.0083
56.44	0.01976
56.46	0.01835
56.48	0.02427
56.5	0.02491
56.52	0.02594
56.54	0.03877
56.56	0.05371
56.58	0.05611
56.6	0.05304
56.62	0.03563
56.64	0.03524
56.66	0.03309
56.68	0.00651
56.7	-0.00773
56.72	-0.00418
56.74	-0.0014
56.76	-0.01167
56.78	-0.00707
56.8	-0.00303
56.82	-0.01653
56.84	-0.02364
56.86	-0.0275
56.88	-0.03458
56.9	-0.05199
56.92	-0.03348
56.94	0.02378
56.96	0.04235
56.98	0.03822
57	0.02449
57.02	0.03036
57.04	0.02841
57.06	0.00177
57.08	-0.00764
57.1	-0.00895
57.12	-0.00066
57.14	0.01373
57.16	0.01721
57.18	0.01177
57.2	0.0044
57.22	-0.01038
57.24	-0.00279
57.26	0.00024
57.28	-0.00449
57.3	-0.0069
57.32	-0.01919
57.34	-0.03884
57.36	-0.01829
57.38	0.00815
57.4	0.02364
57.42	0.01458
57.44	-0.0037
57.46	-0.01707
57.48	-0.00539
57.5	-0.01923
57.52	-0.03171
57.54	-0.00021
57.56	0.01206
57.58	0.01625
57.6	0.00239
57.62	-0.00809
57.64	-0.01719
57.66	-0.02206
57.68	-0.02091
57.7	-0.03407
57.72	-0.05358
57.74	-0.04615
57.76	-0.03641
57.78	-0.01495
57.8	-0.00929
57.82	-0.00798
57.84	-0.01013
57.86	-0.00986
57.88	-0.00735
57.9	-0.00595
57.92	-0.01033
57.94	-0.02375
57.96	-0.02275
57.98	-0.01127
58	-0.02635
58.02	-0.05342
58.04	-0.05328
58.06	-0.04852
58.08	-0.02993
58.1	-0.03579
58.12	-0.05052
58.14	-0.0477
58.16	-0.03468
58.18	-0.00649
58.2	-0.00672
58.22	-0.00073
58.24	0.01195
58.26	-0.00128
58.28	-0.0079
58.3	-0.00716
58.32	-0.00397
58.34	0.00274
58.36	0.00423
58.38	-0.00393
58.4	0.001
58.42	0.00579
58.44	0.0212
58.46	0.02381
58.48	0.02833
58.5	0.0278
58.52	0.02635
58.54	0.02896
58.56	0.0225
58.58	0.02422
58.6	0.02542
58.62	0.03333
58.64	0.02737
58.66	0.02206
58.68	0.02215
58.7	0.02489
58.72	0.02585
58.74	0.02163
58.76	0.00577
58.78	0.00198
58.8	0.01621
58.82	0.02983
58.84	0.03045
58.86	0.02981
58.88	0.0251
58.9	0.00605
58.92	-0.00127
58.94	0.00518
58.96	0.0116
58.98	0.01026
59	0.00891
59.02	-0.00462
59.04	0.00162
59.06	0.00213
59.08	0.01531
59.1	0.02366
59.12	0.01762
59.14	0.0197
59.16	0.00486
59.18	-0.00569
59.2	-0.00794
59.22	-0.00998
59.24	0.007
59.26	0.02135
59.28	0.02342
59.3	0.02836
59.32	0.01133
59.34	-0.00029
59.36	0.00266
59.38	0.00427
59.4	-0.00237
59.42	-0.00826
59.44	-0.018
59.46	-0.01191
59.48	-0.00875
59.5	-0.0207
59.52	-0.01727
59.54	-0.0124
59.56	-0.01135
59.58	-0.00816
59.6	-0.01043
59.62	-0.02154
59.64	-0.02627
59.66	-0.0325
59.68	-0.02274
59.7	-0.0119
59.72	-0.01375
59.74	-0.02462
59.76	-0.03156
59.78	-0.0292
59.8	-0.0173
59.82	-0.00039
59.84	-0.00452
59.86	-0.00992
59.88	-0.00872
59.9	-0.02405
59.92	-0.04043
59.94	-0.03783
59.96	-0.03805
59.98	-0.03534
